-1.6651691973175389
0.47499509729357214
0.6214992172360212
0.8011574202120073
-1.6866029507556846
-1.1939477265985943
-0.6675764857971558
-0.37167830162849214
-1.6886098565083216
-1.4800522106943959
-0.35217117771287576
-0.5982178229861006
-1.6895731712695579
-1.6900548286502044
-1.1236257490261892
-1.311151022552508
-1.6895731712695579
-1.6900548286502044
-1.6900548286502044
-1.6900548286502044
-1.6875662655169208
-1.6900548286502044
-1.6900548286502044
-1.6812244433386354
-1.630971523292601
-1.6851579786138018
-1.4185606184336166
-0.7857430965124195
-1.503011212504532
-1.6656508546981286
-0.9976723439907573
-0.48302143278476706
-0.8497232519064255
-1.4673685663377114
-0.9351371607386341
-0.6226217969381196
-0.49915695503597135
-0.8844025833120099
-0.6295255527272161
-0.38733216649910673
-0.23448622437831546
-0.6724733358336152
-0.10797088573212932
-0.060126252589270734
-0.23737616866213784
-0.40001581085573434
0.25816899977877483
0.12442880042311799
-0.10066574879255086
-0.031869019592193126
0.3324245126263463
0.2640291645764705
0.19426912061487656
0.4290770936732997
0.4603848234144152
0.6693438503788798
0.03018450627934044
0.3793058310079118
0.38219577529167736
0.86858945350059
0.0008836822908619979
0.41735676407790834
0.5912350784862497
1.1575838818801572
0.8133594071880452
0.8744496182982857
1.4339749421332044
1.7279464967793388
1.4852714531705828
1.3246387167296234
1.6712714783249112
2.0170212013890705
-0.14465712289035082
1.0346006973586555
1.2670003835139028
1.2396261890479536
-0.39752724772245074
0.6439765616655677
1.260176903954914
1.1253931136079132
-1.1758855748248607
0.11760532086412923
0.8236347646415538
0.6791375504517418
-1.6895731712695579
-0.9156300368230177
-0.8082204409419091
-1.1090154751470322
-1.6895731712695579
-1.6900548286502044
-1.6900548286502044
-1.6900548286502044
-1.6895731712695579
-1.6900548286502044
-1.6900548286502044
-1.6900548286502044
-1.4639969646732993
-1.5757414769800562
-1.4029067535630588
-1.0064224530722754
-0.7871880686543022
-0.8384845796916807
-0.52500590112993
-0.16271927466402758
-0.3477559850571197
-0.3384439423648473
-0.07674343222112157
0.24058850538568777
-0.05868128044738796
0.056996767134535276
0.0374896432189189
0.26699938509040066
-0.21497910046269908
-0.050412828746516425
0.10492167650750162
0.3793058310079118
-0.3927106739161559
-0.15782242462762497
0.27775639992449896
0.33531445691011186
-0.23255959485578614
0.05410682285076973
0.3528949513031989
0.5482070191497428
0.0018469970520982315
0.42032698459178164
0.5101560860797463
0.8822364126185107
0.4198453272111351
0.747452622271453
0.7328423483922961
1.395924009063208
1.3134000445148217
1.0756218509425253
1.3167716461792907
1.8968476849211697
1.486234767931876
0.961308499272377
1.8226724483037628
1.8323858721465172
1.392472131168688
1.0648648361083701
2.0569987639815395
1.857833437089937
0.5624159118784178
1.320705181454457
1.4534820660488208
1.609779886064132
0.3241560609254748
1.3509693202041717
1.7952982538378137
2.003293966041042
-1.0567556493483607
-0.10700757097089308
0.3949596958784696
0.739665827951228
-1.6895731712695579
-1.686121293375038
-1.6656508546981286
-1.388296479683845
-1.6895731712695579
-1.6900548286502044
-1.6900548286502044
-1.6900548286502044
-1.6895731712695579
-1.6900548286502044
-1.6900548286502044
-1.6900548286502044
-1.3760944927078071
-1.6812244433386354
-1.5435507087077553
-1.268203239446109
-0.6544111840598816
-0.755478957762648
-0.5855341786294161
-0.12659497111661722
-0.11631961366310861
-0.10997779148476639
0.06679046720739734
0.4496278085802601
-0.06646807476761296
-0.04647929347135005
0.0824443320779551
0.501405976998285
-0.026490512175087133
0.017019204542009447
0.08830449687565078
0.5218764156751945
0.03797130059956544
0.12242189467048092
0.3587551161008946
0.4466575880663868
0.2030192296963378
0.2132945871498464
0.5619342544977712
0.4721051530098066
0.4667266455927006
0.4515544381027894
0.7601362666281375
0.7493792517939823
0.5360050321737049
0.576544528376985
0.7865471463327935
0.7962605701755479
0.6561785486415488
0.8490020533548659
0.9037504422867642
0.9739921436290047
1.017501860346158
0.9164340866434486
1.1615174171553235
1.2250159151687399
1.3124367297535855
1.071688315667359
1.7425567706585525
1.771857594647031
0.5028509491401678
1.317734960940527
1.0091531324152356
1.490649960587632
0.632737889450766
1.5970962417074475
1.3314621962885553
1.8616866961349956
-0.8428997723474936
-0.15196225982992928
-0.4556472383188179
0.08830449687565078
-1.6895731712695579
-1.6900548286502044
-1.6900548286502044
-1.687084608136331
-1.6895731712695579
-1.6900548286502044
-1.6900548286502044
-1.6900548286502044
-1.6895731712695579
-1.6900548286502044
-1.6900548286502044
-1.6900548286502044
-1.5938839049838975
-1.678334499054813
-1.5709249031737045
-1.422494153708783
-0.9278320237990556
-1.0279364827405288
-0.634342126533511
-0.36389150730826714
-0.24909649825752922
-0.4644776236303869
-0.18318971334093703
0.491612276925423
-0.10853281934288361
0.08926781163694386
-0.016215154721635372
0.6263960672724806
-0.15437054673310513
0.04824665805307404
0.1605531039705852
0.5580007192226049
0.05755870074528957
0.18889061319777056
0.11760532086412923
0.5326334305092928
0.30167871649592826
0.23472834058799208
0.25230883498107914
0.4857521121277273
0.36614052927058083
0.5120827156022756
0.5677944192954669
0.6117055171631591
0.6278410394143634
0.6761673299378117
0.9896460084995624
1.217148844618407
1.3943987606912174
0.8851263569022763
1.3685498145972588
2.0159776103976697
1.7606189224322861
0.94372800487929
1.2914043574659217
2.2464506670303876
2.0721709714715075
1.2865075074295191
1.6712714783249112
2.3070592207600384
-0.023520291661213832
0.6400430263904013
0.19178055748159295
0.41832007883914457
0.30456866077975064
0.86858945350059
0.2572056850175386
0.968131978831309
-0.6670948284165661
-0.06405978786443711
-0.5299027511663326
-0.02986211383955606
-1.6856396359943915
-1.557197667825676
-1.6636439489454915
-1.57477816221882
-1.6895731712695579
-1.6900548286502044
-1.6900548286502044
-1.6900548286502044
-1.6895731712695579
-1.6900548286502044
-1.6900548286502044
-1.6900548286502044
-1.6895731712695579
-1.6900548286502044
-1.6900548286502044
-1.6900548286502044
-1.6895731712695579
-1.6832313490912725
-1.6451001397911682
-1.3472753260999752
-1.4366227702073502
-1.4800522106943959
-1.072891171599565
-0.7242515042516402
-0.2169057299852284
-0.7974634261078108
-0.49273485662752137
-0.1587857393888612
0.015493956170018919
0.132215594743343
0.23769856110192222
0.4076433402350972
0.14056432267432228
0.017982519303302524
0.2132945871498464
0.6390797116291083
0.1844754205420145
0.027695943146056834
0.17813359836367226
0.7025782096425246
0.2938116459455955
0.06775378196869042
0.2474922611747843
0.5189061951612643
0.5057408934239902
0.47009824725716953
0.5296632099954195
0.4945022212091885
0.8123960924267521
0.8880965774162064
0.7982674759281849
0.5921983932475428
1.3427008685033002
1.1751643762732442
0.9622718140336133
1.24355972432312
2.000885679137866
1.1507604023212252
1.2630668482387364
1.9340155794600378
2.4998827254732987
1.6322572304936784
2.1361511268655136
2.303125685484815
-1.6807427859579889
-1.5933219713731432
-1.668540798981951
-1.6895731712695579
-1.6724743342571173
-1.6890915138889682
-1.5904320270893777
-1.6875662655169208
-1.6715110194958243
-1.6851579786138018
-1.6236663863530225
-1.6895731712695579
-1.6890915138889682
-1.6900548286502044
-1.6890915138889682
-1.6895731712695579
-1.6900548286502044
-1.6900548286502044
-1.6900548286502044
-1.6895731712695579
-1.6900548286502044
-1.6900548286502044
-1.6900548286502044
-1.6895731712695579
-1.6900548286502044
-1.6900548286502044
-1.6900548286502044
-1.6895731712695579
-1.6900548286502044
-1.6900548286502044
-1.6900548286502044
-1.6895731712695579
-1.6900548286502044
-1.6890915138889682
-1.6773711842935768
-1.1416879007999228
-1.3902231092063744
-0.7916032613101152
-0.3756118369036585
-0.02938045645890952
-0.21546075784334562
0.5209131009139014
0.5657875135428299
0.3338694847682291
0.22011806670883516
0.7650331166645401
0.620535902474785
0.48527045474708075
0.4437676437825644
0.6292860115562462
0.8724427125456486
0.4315656568065265
0.5599273487451342
0.52476635995896
0.6439765616655677
0.3202225256503084
0.7064314686875832
0.5179428804000281
0.6019920933204048
0.21184961500796362
0.5003623860068842
0.6332195468314126
0.7523494723079125
0.27727474254390927
0.5560740897000755
0.6166023671996186
0.6136321466856884
0.6658919724843599
0.9153904956520478
0.7650331166645401
1.4691359309193786
1.7684859929826189
1.4017841738609036
1.158627472871558
1.8773405610055534
2.2499025449249075
1.6761683283613138
2.1868857042921377
2.2650747524148755
-1.631934838053894
-1.379466094372276
-1.3970465887653631
-1.388296479683845
-1.6895731712695579
-1.6890915138889682
-1.6900548286502044
-1.6480703603050415
-1.6895731712695579
-1.6900548286502044
-1.6900548286502044
-1.6666141694594216
-1.6895731712695579
-1.6900548286502044
-1.6900548286502044
-1.6900548286502044
-1.6895731712695579
-1.6900548286502044
-1.6900548286502044
-1.6900548286502044
-1.6895731712695579
-1.6900548286502044
-1.6900548286502044
-1.6900548286502044
-1.6895731712695579
-1.6900548286502044
-1.6900548286502044
-1.6900548286502044
-1.6895731712695579
-1.6900548286502044
-1.6900548286502044
-1.6900548286502044
-1.6895731712695579
-1.6900548286502044
-1.6900548286502044
-1.6900548286502044
-1.6895731712695579
-1.6900548286502044
-1.6880479228975673
-1.6821877580998716
-1.3067358298966951
-1.164646902610059
-0.6821867596763695
-0.4253830995690464
-0.12025314893827499
0.12242189467048092
0.6722337946626453
0.8119144350461056
0.6785756168409875
0.6410063411516376
0.9271108252474392
1.0414241769175874
0.6463848485686867
0.8294949294392495
0.88416304214104
1.1087759339760623
0.7274638409751901
0.8001941054507142
0.9739921436290047
1.4105342829424217
0.7059498113069367
0.8119144350461056
0.9466982253931633
1.2914043574659217
0.7059498113069367
0.6898142890557324
0.7962605701755479
1.0707250009060658
0.7244936204613168
0.739665827951228
1.2025385707391933
1.208398735536889
1.4686542735387889
1.4466585864898889
1.097055604380671
1.4534820660488208
1.7186344540871232
1.7748278151609043
1.3997772681082665
1.8949210553986404
2.005782529174269
2.2044661986852816
1.6986456727908603
2.3246397151531255
-1.6895731712695579
-1.6744009637796466
-1.524043584792139
-0.4117361404511257
-1.6895731712695579
-1.6900548286502044
-1.6821877580998716
-0.9067996515113919
-1.6895731712695579
-1.6900548286502044
-1.6900548286502044
-1.6900548286502044
-1.6895731712695579
-1.6890915138889682
-1.6890915138889682
-1.6890915138889682
-1.6895731712695579
-1.6900548286502044
-1.6900548286502044
-1.6890915138889682
-1.6895731712695579
-1.6900548286502044
-1.6900548286502044
-1.6900548286502044
-1.6895731712695579
-1.6900548286502044
-1.6900548286502044
-1.6900548286502044
-1.6895731712695579
-1.6900548286502044
-1.6900548286502044
-1.6900548286502044
-1.6807427859579889
-1.6851579786138018
-1.676327593302176
-1.6724743342571173
-0.6963956524050445
-0.8218674000598298
-0.5864974933907092
-0.6978406245469273
0.00770716184979392
0.1586264744480559
0.5394569100682816
0.7387025131899918
0.46865327511528676
0.41446681979408595
0.8402519442733478
1.183031446823577
1.1766896246452916
1.004336558608884
1.1605541023940873
1.4935399048714544
0.9774440215235813
0.9427646901179969
1.18399476158487
1.302161372300077
0.8485203959742194
0.9691755698227098
1.1273197431304425
0.968131978831309
1.323113468357576
1.3675864998360225
1.2454863538456493
1.5453180732894793
1.750905498589475
1.5716486767640276
1.6370738042999733
1.7659974298493353
2.0536271623171274
1.7338066615770344
2.0179845161503067
1.85879675185123
2.3182978929747833
2.0482486549000782
1.986757062639299
2.0765861641272636
2.2684463540792876
2.483827479452202
2.0325947900295205
2.3558671686641333
-0.35754968512998175
-0.18511634286346634
-0.319900133210524
0.14200929481620506
-0.9600227920712996
0.2230080109926007
-0.17347628949818272
0.8656192329866599
-0.819459113156654
0.3040870033991041
0.06976068772132749
1.3216684962156933
0.4354189158515851
0.41735676407790834
0.20350088707698433
0.8431418885571702
-1.2149800988862012
-0.29846637977237833
-0.6861202949515359
0.4154301345553222
-1.6886098565083216
-1.4771622664105735
-1.3384449407883494
-0.7456852576897859
-1.6895731712695579
-1.6900548286502044
-1.6900548286502044
-1.687084608136331
-1.6895731712695579
-1.6900548286502044
-1.6900548286502044
-1.6900548286502044
-1.6895731712695579
-1.6900548286502044
-1.6900548286502044
-1.6900548286502044
-1.6895731712695579
-1.6890915138889682
-1.6890915138889682
-1.6821877580998716
-1.026491510598646
-0.9302403107021746
-1.0054591383109823
-0.7691259168805686
-0.1143929841405793
0.10098814123233524
0.40860665499639026
0.6487931354718626
0.25969424815076536
0.4603848234144152
0.9759990493816417
1.2953378927410881
0.7987491333088315
0.7366956074373547
1.1497970875599322
1.2718972335503054
0.8925117700720193
1.0189468324880977
1.2963012075023812
1.370476444119788
0.955929991855271
1.0648648361083701
1.1683408967143123
1.1371134432033045
1.4901683032070423
1.4867164253124656
1.6312136395022776
1.4369451626471346
2.247975915402378
1.6829918079203026
1.6576245192069905
1.8304592426239878
2.3202245224973126
1.7533137854926508
1.883200725803249
1.7445636764111896
2.3631723056037117
2.1117471529134946
2.029704845745698
2.0853362732087817
2.4979560959507694
2.3978516370092393
2.7943359375000227
2.480857258938272
0.018464176683949063
0.3089838534355067
0.18792729843653433
0.7249752778419634
-0.09287895447232586
0.9212506604497435
0.14104598005496882
1.5287008936576285
-1.6895731712695579
-1.6900548286502044
-1.687084608136331
-1.5367272291488234
-1.6895731712695579
-1.6900548286502044
-1.6900548286502044
-1.6890915138889682
-1.6895731712695579
-1.6900548286502044
-1.6900548286502044
-1.6900548286502044
-1.6895731712695579
-1.6900548286502044
-1.6880479228975673
-1.6773711842935768
-1.2657146763128253
-0.8726822537165617
-0.4673675679142093
0.40081986067616526
-0.2696472131644896
0.15372962441159643
0.20350088707698433
0.8578324386664349
-0.15734076724697843
0.6146757376770324
0.7357322926760617
1.2963012075023812
0.5155345934968523
0.970138884583946
1.1790979115484106
1.2670003835139028
0.8583140960470814
1.5902727621485155
1.6654113135272155
1.6146767361005914
0.838806972131465
1.8177755982673602
1.6722347930861474
1.576545526800487
1.7225679893622896
1.6117065155866612
1.3422192111227105
1.5189071935847664
1.905196412852149
1.4876797400737587
1.2738238630728347
1.3577927997631605
2.357312140806016
1.849003051778368
1.8568701223287007
1.5228407288599328
2.230395421009291
2.199569348648822
2.0667924640544015
1.8939577406374042
2.373929320437867
2.4749970941405763
2.2972655206871195
2.3821977721386816
-1.6895731712695579
-1.6900548286502044
-1.6900548286502044
-1.6900548286502044
-1.6895731712695579
-1.6900548286502044
-1.6900548286502044
-1.6900548286502044
-1.6895731712695579
-1.6900548286502044
-1.6900548286502044
-1.6900548286502044
-0.9590594773100634
-0.5181824215709412
-0.5445130250455463
-0.6148350026178946
0.021354120967714607
0.8470754238323366
0.6918211948083695
1.1331799079281382
-0.27454406320094904
1.1029157691783666
1.1273197431304425
1.5316711141715587
-0.2511034040101663
1.2240526004075036
1.3821967737151795
1.4867164253124656
0.10925659293320678
0.9730288288677684
1.7073957818723784
1.7015356170746259
0.3182958961277791
1.4583789160852803
1.7513871559701215
1.6224635304208164
1.9891653495424748
1.6898152874792345
1.6634846840046862
1.4281147773355087
2.4803756015576823
1.7347699763383275
1.6166033656231207
1.6576245192069905
2.5682780735231177
1.788474774278825
1.935942208982567
1.8998179054350999
2.5253302904167185
1.8392896279356137
1.9340155794600378
1.9291187294235783
2.3553855112834867
2.086299587970018
2.2562443671032497
2.2621045319009454
-1.030101795087944
-0.5952984624635178
-0.22986014083551254
-0.024985396193471843
-1.6737086241378165
-1.5494054939400144
-1.5071553108261924
-0.6480467855889174
-1.689294819737711
-1.690067688941042
-1.689810065873246
-1.4468715129686416
-1.689294819737711
-1.690067688941042
-1.689810065873246
-1.68517285065343
-1.689294819737711
-1.690067688941042
-1.687813487098083
-1.6500073019032016
-1.689294819737711
-1.690067688941042
-1.6888439793691532
-1.1441644083419646
-1.689294819737711
-1.690067688941042
-1.689810065873246
-1.5181686969732482
-1.689294819737711
-1.690067688941042
-1.689810065873246
-1.6890371966699718
-1.689294819737711
-1.690067688941042
-1.689810065873246
-1.690067688941042
-1.689294819737711
-1.690067688941042
-1.689810065873246
-1.690067688941042
-1.689294819737711
-1.690067688941042
-1.689810065873246
-1.690067688941042
-1.689294819737711
-1.690067688941042
-1.689810065873246
-1.656834313199056
-1.689294819737711
-1.690067688941042
-1.5979674422142125
-1.3413748667178993
-1.6873626467294685
-1.5191347834773978
-0.6595110121045309
-1.0386677620912224
-1.157109967497263
-0.44883974843776286
-0.5257402341663351
-0.37361381264969395
-0.7293268634695096
-0.5445467181133381
-0.1419462689598845
-0.3756103914249138
-0.579905484164442
-0.20081313994472794
0.27991150450918667
-0.04450034357688537
-0.24596158257094203
0.17325555445353302
0.5846151879110835
0.5228500574138479
-0.243965003795779
0.018939336860853473
-0.24840900171477642
0.17125897567831316
-1.6717120453625967
-1.2857282840801076
-0.7854886922427795
-0.046496922352048387
-1.689294819737711
-1.690067688941042
-1.510117976105505
-0.828704961860808
-1.689294819737711
-1.690067688941042
-1.689810065873246
-1.5933302269943965
-1.689294819737711
-1.690067688941042
-1.6888439793691532
-1.48203706171887
-1.689294819737711
-1.690067688941042
-1.6760916375146735
-1.5465072344276791
-1.689294819737711
-1.690067688941042
-1.6888439793691532
-1.68517285065343
-1.689294819737711
-1.690067688941042
-1.689810065873246
-1.690067688941042
-1.689294819737711
-1.690067688941042
-1.689810065873246
-1.690067688941042
-1.689294819737711
-1.690067688941042
-1.689810065873246
-1.690067688941042
-1.689294819737711
-1.690067688941042
-1.689810065873246
-1.6880711101658221
-1.689294819737711
-1.690067688941042
-1.6888439793691532
-1.490796246022967
-1.689294819737711
-1.6880711101658221
-1.3597305102962878
-0.5542719889215846
-1.6326821505958264
-1.1519575061419118
-0.3850780391653643
-0.6539077103806221
-0.736153874765364
-0.6060542255428345
-0.48471376062440186
-0.014229633114211993
-0.5066761271515361
-0.45566675973361725
-0.17318306592665067
0.26110502056218365
-0.008626331390246378
0.23772572716228524
0.4058891846474353
0.6185570270894232
0.3038704498115976
0.5160230461179935
0.5836491014069338
0.8734106468783125
0.057776014326805125
0.19766534012450165
0.4342277221018662
0.38907927947565213
-0.12874308673679025
-0.3092080457078623
0.37658456068891155
-0.03767333228103098
-1.5916556770538932
-1.2808334457925525
-1.0022785037690483
-0.5904036241759627
-1.689294819737711
-1.690067688941042
-1.687813487098083
-1.448803685976884
-1.689294819737711
-1.690067688941042
-1.6888439793691532
-1.666623989774223
-1.689294819737711
-1.690067688941042
-1.6888439793691532
-1.5620934300275735
-1.689294819737711
-1.690067688941042
-1.689810065873246
-1.6704883357907079
-1.689294819737711
-1.690067688941042
-1.689810065873246
-1.6880711101658221
-1.689294819737711
-1.690067688941042
-1.689810065873246
-1.690067688941042
-1.689294819737711
-1.690067688941042
-1.689810065873246
-1.690067688941042
-1.689294819737711
-1.690067688941042
-1.689810065873246
-1.5718831066027406
-1.689294819737711
-1.690067688941042
-1.6478175058271631
-0.8082239279733017
-1.689294819737711
-1.6890371966699718
-0.9105002858769353
-0.6441180338054551
-1.5311142561285465
-1.2701420884802133
-0.16635605463085312
0.01404449857329837
-0.4832324279847171
-0.05036126836859012
-0.07064908495527789
0.24841708447462452
-0.20396902252485916
-0.1441360650359229
-0.18297274250181772
0.04238303602767246
-0.2078333685414009
-0.20371139945712002
-0.0023145662299839387
0.14298484399085964
-0.17955923685389052
0.02480026165255822
0.5153145826816399
0.4154212381548632
0.1710657583774946
0.15077794179080684
0.46353234606038995
0.17422164095762582
-0.0643373197949586
-0.0005756105225032115
0.22136666235905977
0.007217487277443979
-1.2029668735598307
-1.164645442229471
-1.2249292400870218
-1.1060361943123667
-1.689294819737711
-1.690067688941042
-1.689810065873246
-1.690067688941042
-1.689294819737711
-1.690067688941042
-1.689810065873246
-1.6207026779446778
-1.689294819737711
-1.690067688941042
-1.6839491410815413
-1.3062737237345914
-1.689294819737711
-1.690067688941042
-1.6741594645063742
-1.3375105207013576
-1.689294819737711
-1.690067688941042
-1.6760916375146735
-1.247664475817487
-1.689294819737711
-1.690067688941042
-1.689810065873246
-1.6704883357907079
-1.689294819737711
-1.690067688941042
-1.689810065873246
-1.6753831740783198
-1.689294819737711
-1.690067688941042
-1.6702951184898893
-1.367781231164031
-1.689294819737711
-1.690067688941042
-1.6507157653395552
-0.7036933682266522
-1.689294819737711
-1.6871050236617293
-1.0941211274281386
-0.7076221200101145
-1.4109975007820026
-0.8912429615613178
-0.3685257570613203
-0.1793016137861514
-0.33284496217549986
-0.18909129036131844
-0.16049512983914838
0.37439476461287313
-0.21079603382071355
0.03748819774011736
0.07877229434984656
0.7074369854692009
0.10170074738113044
0.17815039274108813
0.18523502710468165
1.1468775333133863
0.3897877429120058
0.5336058204931646
0.8698039239295667
1.353877668264488
0.021644379072427
-0.08752339589403846
-0.08140484803453774
-0.2847338542699731
-0.0398631283570694
-0.23108385040740131
0.22722758715076452
-0.38147131621661856
-0.658029679464903
-0.8902124692902476
-0.6878495495589618
-0.8277388753566584
-1.6160654627248618
-1.6040859900736564
-1.684915227585691
-1.6587664862072984
-1.689294819737711
-1.690067688941042
-1.689810065873246
-1.690067688941042
-1.689294819737711
-1.690067688941042
-1.6790543027939862
-1.5406463096359744
-1.689294819737711
-1.6880711101658221
-1.583347333118411
-0.7329979921851759
-1.689294819737711
-1.690067688941042
-1.6243738066603441
-1.3150329080386882
-1.689294819737711
-1.690067688941042
-1.6634037014271144
-1.4869319000064252
-1.689294819737711
-1.690067688941042
-1.689810065873246
-1.6783458393576325
-1.689294819737711
-1.690067688941042
-1.689810065873246
-1.690067688941042
-1.689294819737711
-1.690067688941042
-1.689810065873246
-1.6773153470865623
-1.689294819737711
-1.690067688941042
-1.541354773072328
-0.9097918224405817
-1.689294819737711
-1.6812440988700246
-0.8860905002059667
-0.41953512447923913
-1.5672458913829246
-0.5572346542008972
-0.5344994184704319
-0.3316212526036111
-0.2791305525460075
-0.1402073132524606
-0.2747509603939875
-0.08752339589403846
0.4054383442788776
0.471067820792598
0.6920440071700682
0.8754072256535324
0.6134045657340721
0.8138353124571154
0.9850258409885555
1.1077832327796955
0.9757514105489236
1.183975255071914
1.2252593516816432
1.3627012583355054
-1.5711746431663869
-1.5533342457234767
-1.4363733729571209
-1.3375105207013576
-1.3704862733756045
-1.5220974487567105
-1.5144975682575819
-1.614841753152973
-1.5667306452473895
-1.602153817065414
-1.6834338949460061
-1.6880711101658221
-1.6868474005939333
-1.6871050236617293
-1.689294819737711
-1.690067688941042
-1.689810065873246
-1.690067688941042
-1.689294819737711
-1.690067688941042
-1.689810065873246
-1.690067688941042
-1.689294819737711
-1.690067688941042
-1.6819525623063782
-1.607048655352969
-1.689294819737711
-1.6861389371575797
-1.5452835248557903
-1.0396338485953152
-1.689294819737711
-1.6871050236617293
-1.5559748821681296
-1.119754622670996
-1.689294819737711
-1.690067688941042
-1.6409904945313656
-1.5172026104690985
-1.689294819737711
-1.6880711101658221
-1.6605054419147223
-1.5894658809778548
-1.6873626467294685
-1.6822101853741174
-1.6771221297857437
-1.6167739261612155
-1.689294819737711
-1.6871050236617293
-1.6654002802023342
-1.4801048887106276
-1.689294819737711
-1.690067688941042
-1.6780882162898365
-1.4508002647521039
-1.689294819737711
-1.690067688941042
-1.1722453227285996
-1.0660402130415036
-1.5418700192078632
-1.2232546901465184
-0.591176493379237
-0.352166692258038
-0.36311567263817324
-0.32968907959536864
-0.48960859891195696
-0.10703834327739514
-0.20396902252485916
0.019905423365003116
-0.4407890275700197
-0.02009055790591674
0.3644118707368875
0.41838390343417586
0.08463321914155131
0.6331771361852248
1.299970041334177
1.6371342312747288
0.9381384426548607
1.1468775333133863
-1.689294819737711
-1.690067688941042
-1.689810065873246
-1.690067688941042
-1.4363733729571209
-1.5152060316939355
-1.5950691827018204
-1.6402176253280345
-1.0379592986548687
-1.2300817014423728
-1.551144449647495
-1.6529055614155936
-1.688328733233618
-1.6890371966699718
-1.689810065873246
-1.690067688941042
-1.689294819737711
-1.690067688941042
-1.689810065873246
-1.690067688941042
-1.689294819737711
-1.690067688941042
-1.689810065873246
-1.690067688941042
-1.689294819737711
-1.690067688941042
-1.689810065873246
-1.690067688941042
-1.689294819737711
-1.690067688941042
-1.689810065873246
-1.68517285065343
-1.689294819737711
-1.690067688941042
-1.6673324532105767
-1.4947249978064292
-1.689294819737711
-1.6880711101658221
-1.481779438651131
-1.1285138069750928
-1.689294819737711
-1.6763492605824126
-1.316771863746112
-0.8384946384359182
-1.689294819737711
-1.6842067641493372
-1.2210648940705369
-0.7281031538976208
-1.680535635433614
-1.5728491931068902
-0.778661680946982
-0.31893331651605195
-1.235234162797724
-0.50841508285896
-0.4036913058115488
-0.18709471158609858
-1.3103956928188722
-0.861938337602794
-1.0559929133985406
-0.2232263468404767
-1.61117062443725
-1.4508002647521039
-0.5872477415958315
-0.30721146693264245
-0.691263055206889
-0.23694477519910606
-0.4281010914825174
0.10781929524057432
-0.32898061615901497
0.2777217084332051
-0.22296872377273758
0.09416527264892238
-0.22541614291651513
0.08044684429029303
-0.1946945920852272
-0.07283888103125946
-0.13949884981610694
0.20545843792444884
-0.09312669761794723
0.7689444928986404
0.6544310392760622
0.6839932863023819
0.5465513796484629
1.0335877892626968
-1.6737086241378165
-1.683176271878267
-1.689810065873246
-1.6861389371575797
-0.8787482427745772
-1.119754622670996
-1.5960352692059132
-1.3482662837806743
-1.6482683461957777
-1.625597516232233
-1.6771221297857437
-1.3101380697510763
-1.689294819737711
-1.690067688941042
-1.689810065873246
-1.6783458393576325
-1.689294819737711
-1.690067688941042
-1.689810065873246
-1.690067688941042
-1.689294819737711
-1.690067688941042
-1.689810065873246
-1.690067688941042
-1.689294819737711
-1.690067688941042
-1.689810065873246
-1.6880711101658221
-1.689294819737711
-1.690067688941042
-1.680020389298079
-1.6343567005363298
-1.689294819737711
-1.690067688941042
-1.5472156978640328
-1.467352546856148
-1.689294819737711
-1.690067688941042
-1.4798472656428316
-1.261318498409139
-1.689294819737711
-1.680278012365875
-1.353869585504583
-1.1158258708875337
-1.6629528610584998
-1.3931571033391492
-0.41831141490735035
-0.5982611277428873
-1.2059295388392002
-0.4917983949879954
-0.2122773664603983
-0.4156063726957768
-1.0389253851589615
-0.641219774293063
-0.23082622733960534
-0.10993660278978723
-0.5467365141893765
-0.3170011435078095
-0.2679239490981331
0.1224394043363759
-0.4871611797681794
-0.04256817056858608
-0.263029110810578
0.19083832882864726
-0.1297091732409399
0.42521091473003025
0.1862011136088313
0.5228500574138479
0.279460664140629
0.7240536733401655
0.5064909926106225
0.6146282753059609
0.37420154731205457
0.5003724447511786
0.494769143027213
0.7914221055613666
0.8370857943231158
0.7025421471815889
0.5738594248318236
0.8383095038950046
-1.689294819737711
-1.690067688941042
-1.689810065873246
-1.690067688941042
-1.689294819737711
-1.690067688941042
-1.689810065873246
-1.690067688941042
-1.688328733233618
-1.6890371966699718
-1.689810065873246
-1.62360093745707
-0.39242029659669697
-1.1519575061419118
-1.2562304428207653
-0.22419243334462635
-1.4344411999488216
-1.6226348509529203
-1.6370617427479033
-1.3326156824138025
-1.689294819737711
-1.690067688941042
-1.689810065873246
-1.6763492605824126
-1.689294819737711
-1.690067688941042
-1.689810065873246
-1.690067688941042
-1.689294819737711
-1.690067688941042
-1.689810065873246
-1.690067688941042
-1.689294819737711
-1.690067688941042
-1.689810065873246
-1.690067688941042
-1.689294819737711
-1.690067688941042
-1.689810065873246
-1.690067688941042
-1.689294819737711
-1.690067688941042
-1.6858813140898405
-1.6109130013695108
-1.689294819737711
-1.690067688941042
-1.3060161006667954
-1.114859784383384
-1.6737086241378165
-1.614841753152973
-0.3528751556944485
-0.607986398551077
-0.9871431485377116
-0.607986398551077
0.1012499070125159
-0.2847338542699731
-0.478337589697162
-0.5406179663299326
-0.03258527669260047
0.10685320873648152
-0.2713374547460603
0.01700716385261103
-0.003280652734076739
0.4730643995678179
-0.09460803025763198
-0.1607527529068875
0.18523502710468165
0.6762001885023778
0.055779435551585266
-0.13048204244421413
0.2887350945802609
0.5970455009308466
0.20912956664011517
0.24551882496228927
0.25060688055066294
0.4827896703760075
0.1945094575443136
0.5970455009308466
0.4127161959432897
0.6859254593106243
0.41619410735813744
0.6995794819022763
0.7896831498539427
1.1283286724341224
-1.689294819737711
-1.690067688941042
-1.689810065873246
-1.690067688941042
-1.688328733233618
-1.690067688941042
-1.689810065873246
-1.625597516232233
-1.689294819737711
-1.690067688941042
-1.689810065873246
-1.690067688941042
-1.689294819737711
-1.690067688941042
-1.689810065873246
-1.690067688941042
-1.689294819737711
-1.690067688941042
-1.689810065873246
-1.690067688941042
-1.689294819737711
-1.690067688941042
-1.689810065873246
-1.690067688941042
-1.689294819737711
-1.6861389371575797
-1.6546445171230175
-1.2886909493594771
-1.6795695489295213
-1.649041215399052
-1.2893994127958308
-0.4156063726957768
-1.610204537933157
-1.2955179606552747
-0.20345377638932405
-0.18612862508200578
-0.745943551340531
-0.5337909550340783
0.0767757155746267
0.08830434785721764
-0.3895220370843617
-0.4458770831584502
-0.01790076182987832
-0.017192298393524652
-0.4090369844677184
-0.14999698982762766
0.03871190731200613
0.3685338398211684
-0.10143504155348637
0.007217487277443979
0.18523502710468165
0.7181927485484607
0.044121991735096344
-0.08456073061466896
0.6139198118696072
1.0394487140544015
-0.05061889143632925
0.42907526074651514
0.8560854955709942
1.0589636614377582
0.217888750944212
0.7455007937318214
0.8209199468207089
0.8646514625742157
0.5196941748337167
0.9056779361162057
1.0826649836723732
1.3216747847935721
-1.689294819737711
-1.690067688941042
-1.689810065873246
-1.690067688941042
-1.689294819737711
-1.690067688941042
-1.689810065873246
-1.690067688941042
-1.689294819737711
-1.690067688941042
-1.6888439793691532
-1.690067688941042
-1.685430473721226
-1.588499794473762
-1.0677147629819501
-1.1158258708875337
-1.6033775266373027
-1.0093631381326418
-0.35873608048615324
-0.4253960492709439
-1.4832607712907588
-0.6138473233427817
-0.10285196842619371
-0.36871897436213885
-0.9343948254123688
-0.4107115344082217
-0.014036415813393432
-0.14316997853177327
-0.6394808185856391
-0.3531327787621876
0.04064408032024858
0.09609744565716483
-0.40710481145947597
-0.2388769482073485
0.016234294649279946
0.27282687014559315
-0.13557009803264464
-0.056222193160294864
-0.018866848334027964
0.6634478466478981
0.13197145784380382
0.11657847954467115
0.31314488025122955
0.4984402717428793
0.4639831864290045
0.5697374557475428
0.5992997027738056
0.9915952292166139
0.563618907888042
0.9408434848664342
0.8961458826087778
1.1351556837299768
0.7599276855268045
1.0052492518082659
1.2633231599442638
1.3695282696313598
