00 273.325 272.278 0.9431 0.9471
00 272.657 271.645 0.9220 0.9261
00 272.836 271.739 0.9356 0.9404
00 272.480 271.512 0.9398 0.9434
00 272.722 271.646 0.9350 0.9398
00 272.046 271.086 0.9263 0.9296
00 271.944 270.873 0.9298 0.9344
00 271.613 270.718 0.9391 0.9421
00 272.160 271.051 0.9210 0.9258
00 271.616 270.671 0.9246 0.9281
00 271.561 270.500 0.9255 0.9299
00 271.492 270.636 0.9411 0.9437
00 271.477 270.404 0.9136 0.9177
00 271.667 270.715 0.9255 0.9290
00 271.688 270.622 0.9238 0.9285
00 271.757 270.862 0.9378 0.9407
00 271.487 270.432 0.9087 0.9125
00 271.992 271.020 0.9258 0.9293
00 272.320 271.223 0.9227 0.9272
00 272.461 271.436 0.9276 0.9312
00 272.218 271.136 0.9054 0.9097
00 272.617 271.619 0.9285 0.9324
00 272.572 271.463 0.9212 0.9256
00 272.988 271.854 0.9175 0.9225
00 272.648 271.554 0.9017 0.9066
00 272.786 271.787 0.9300 0.9338
00 272.894 271.761 0.9160 0.9211
00 273.110 271.972 0.9164 0.9214
00 272.935 271.855 0.8982 0.9027
00 272.815 271.827 0.9316 0.9353
00 272.776 271.643 0.9106 0.9158
00 272.991 271.861 0.9125 0.9175
00 272.950 271.902 0.8943 0.8984
00 272.989 271.993 0.9303 0.9339
00 272.830 271.689 0.9079 0.9131
00 273.082 271.948 0.9101 0.9150
00 273.127 272.086 0.8918 0.8955
00 273.309 272.289 0.9278 0.9314
00 273.193 272.033 0.9087 0.9138
00 273.474 272.272 0.8993 0.9044
00 273.278 272.202 0.8882 0.8922
00 273.568 272.553 0.9296 0.9336
00 273.351 272.186 0.9107 0.9157
00 273.546 272.374 0.9022 0.9069
00 273.583 272.462 0.8936 0.8978
00 273.623 272.610 0.9296 0.9336
00 273.451 272.311 0.9166 0.9212
00 273.557 272.428 0.9073 0.9116
00 273.665 272.545 0.9028 0.9078
00 273.810 272.780 0.9284 0.9324
00 273.647 272.515 0.9194 0.9244
00 273.693 272.575 0.9103 0.9153
00 273.881 272.744 0.9052 0.9103
00 273.908 272.882 0.9295 0.9334
00 273.901 272.742 0.9154 0.9207
00 273.890 272.795 0.9157 0.9203
00 274.152 272.962 0.9001 0.9054
00 274.250 273.199 0.9275 0.9314
00 274.339 273.148 0.9091 0.9142
00 274.178 273.115 0.9226 0.9267
00 274.473 273.228 0.8943 0.8997
00 274.689 273.610 0.9265 0.9310
00 274.921 273.709 0.9062 0.9119
00 274.698 273.611 0.9243 0.9289
00 275.205 273.871 0.8911 0.8977
00 275.174 274.037 0.9200 0.9247
00 275.320 274.109 0.9046 0.9098
00 275.233 274.118 0.9240 0.9284
00 275.220 273.849 0.8881 0.8950
00 275.600 274.385 0.9087 0.9136
00 275.783 274.582 0.9066 0.9121
00 275.387 274.269 0.9215 0.9258
00 273.916 272.875 0.9456 0.9497
00 273.261 272.232 0.9255 0.9293
00 273.225 272.073 0.9297 0.9349
00 272.654 271.651 0.9362 0.9402
00 273.697 272.622 0.9404 0.9450
00 272.950 271.931 0.9266 0.9305
00 272.279 271.161 0.9236 0.9284
00 271.660 270.701 0.9284 0.9320
00 272.922 271.841 0.9339 0.9386
00 271.545 270.613 0.9263 0.9297
00 271.462 270.380 0.9162 0.9205
00 271.460 270.548 0.9307 0.9340
00 271.471 270.443 0.9265 0.9303
00 271.462 270.531 0.9268 0.9302
00 271.461 270.392 0.9143 0.9184
00 271.539 270.663 0.9357 0.9385
00 271.460 270.435 0.9218 0.9255
00 271.651 270.717 0.9282 0.9315
00 271.840 270.741 0.9112 0.9161
00 272.203 271.280 0.9335 0.9363
00 271.526 270.498 0.9149 0.9190
00 272.307 271.328 0.9266 0.9298
00 272.536 271.403 0.9131 0.9177
00 273.040 271.972 0.9222 0.9265
00 272.587 271.505 0.9105 0.9150
00 273.024 272.003 0.9254 0.9293
00 272.975 271.828 0.9153 0.9204
00 273.451 272.255 0.9105 0.9158
00 273.257 272.157 0.9068 0.9111
00 273.559 272.508 0.9248 0.9290
00 273.065 271.915 0.9148 0.9199
00 273.629 272.427 0.9080 0.9130
00 273.544 272.457 0.9028 0.9067
00 273.577 272.532 0.9235 0.9278
00 273.152 272.001 0.9140 0.9191
00 273.442 272.258 0.9048 0.9098
00 273.565 272.490 0.8955 0.8996
00 273.501 272.460 0.9208 0.9244
00 273.376 272.220 0.9129 0.9177
00 273.527 272.309 0.8932 0.8983
00 273.753 272.673 0.8921 0.8966
00 273.529 272.505 0.9236 0.9275
00 273.587 272.429 0.9122 0.9168
00 273.579 272.400 0.8985 0.9032
00 273.740 272.636 0.8884 0.8932
00 273.727 272.704 0.9260 0.9300
00 273.693 272.544 0.9138 0.9191
00 273.639 272.515 0.9083 0.9131
00 273.780 272.654 0.8951 0.9001
00 273.857 272.838 0.9285 0.9324
00 273.743 272.610 0.9156 0.9207
00 273.835 272.746 0.9132 0.9177
00 274.181 273.038 0.9044 0.9092
00 274.245 273.206 0.9293 0.9331
00 274.369 273.225 0.9202 0.9249
00 274.205 273.118 0.9165 0.9207
00 274.400 273.226 0.8988 0.9036
00 274.697 273.596 0.9216 0.9263
00 274.778 273.614 0.9212 0.9265
00 274.383 273.339 0.9249 0.9286
00 274.897 273.636 0.8920 0.8982
00 275.261 274.065 0.9068 0.9120
00 275.315 274.091 0.9157 0.9212
00 274.698 273.659 0.9284 0.9325
00 275.072 273.772 0.8904 0.8968
00 275.532 274.293 0.8982 0.9034
00 275.512 274.270 0.9109 0.9163
00 275.088 274.026 0.9283 0.9323
00 275.258 273.890 0.8878 0.8946
00 275.478 274.205 0.8882 0.8938
00 275.467 274.249 0.9090 0.9141
00 275.239 274.170 0.9290 0.9330
00 274.350 273.324 0.9478 0.9515
00 273.612 272.578 0.9272 0.9314
00 273.389 272.163 0.9151 0.9207
00 272.626 271.655 0.9421 0.9457
00 274.294 273.242 0.9434 0.9474
00 273.539 272.497 0.9279 0.9319
00 272.531 271.376 0.9138 0.9186
00 271.949 270.972 0.9325 0.9361
00 273.247 272.217 0.9392 0.9430
00 271.570 270.624 0.9244 0.9279
00 271.462 270.421 0.9197 0.9235
00 271.460 270.497 0.9249 0.9283
00 271.470 270.522 0.9360 0.9396
00 271.460 270.503 0.9193 0.9227
00 271.460 270.438 0.9211 0.9247
00 271.460 270.526 0.9241 0.9275
00 271.460 270.518 0.9341 0.9375
00 271.479 270.515 0.9157 0.9192
00 271.520 270.513 0.9228 0.9268
00 271.551 270.647 0.9271 0.9302
00 271.461 270.519 0.9305 0.9340
00 271.898 270.931 0.9187 0.9222
00 272.384 271.303 0.9176 0.9218
00 272.198 271.267 0.9287 0.9316
00 272.852 271.781 0.9179 0.9224
00 273.017 272.002 0.9229 0.9267
00 273.020 271.896 0.9169 0.9218
00 273.249 272.186 0.9217 0.9258
00 273.759 272.626 0.9112 0.9163
00 273.677 272.632 0.9235 0.9278
00 273.322 272.173 0.9162 0.9211
00 273.617 272.420 0.9077 0.9127
00 273.868 272.753 0.9062 0.9110
00 273.588 272.533 0.9179 0.9223
00 273.406 272.233 0.9138 0.9189
00 273.722 272.483 0.9010 0.9066
00 273.916 272.806 0.8976 0.9023
00 273.642 272.596 0.9180 0.9223
00 273.526 272.331 0.9107 0.9158
00 273.655 272.411 0.8913 0.8966
00 273.908 272.818 0.8941 0.8986
00 273.658 272.644 0.9243 0.9283
00 273.664 272.474 0.9111 0.9162
00 273.693 272.484 0.8920 0.8973
00 273.833 272.748 0.8921 0.8965
00 273.729 272.714 0.9262 0.9301
00 273.787 272.615 0.9119 0.9174
00 273.841 272.634 0.8955 0.9012
00 274.115 272.984 0.8956 0.9003
00 274.090 273.006 0.9183 0.9226
00 274.197 273.025 0.9130 0.9181
00 273.871 272.708 0.9037 0.9090
00 274.284 273.141 0.9026 0.9072
00 274.407 273.244 0.9055 0.9102
00 274.550 273.375 0.9141 0.9189
00 274.097 272.985 0.9113 0.9158
00 274.324 273.205 0.9021 0.9064
00 274.361 273.156 0.8938 0.8989
00 274.701 273.532 0.9152 0.9205
00 274.519 273.425 0.9163 0.9203
00 274.579 273.409 0.8964 0.9009
00 274.655 273.328 0.8717 0.8775
00 274.905 273.756 0.9187 0.9237
00 274.721 273.661 0.9225 0.9268
00 275.022 273.748 0.8902 0.8963
00 275.167 273.775 0.8627 0.8697
00 275.279 274.117 0.9195 0.9244
00 275.153 274.103 0.9271 0.9309
00 275.203 273.842 0.8836 0.8904
00 275.235 273.840 0.8590 0.8659
00 275.521 274.333 0.9165 0.9214
00 275.448 274.385 0.9273 0.9310
00 274.019 273.005 0.9469 0.9507
00 273.509 272.473 0.9260 0.9297
00 273.030 271.865 0.9123 0.9176
00 272.460 271.498 0.9422 0.9456
00 274.187 273.149 0.9426 0.9465
00 273.299 272.266 0.9264 0.9301
00 272.452 271.341 0.9044 0.9088
00 272.115 271.146 0.9358 0.9392
00 272.210 271.261 0.9404 0.9435
00 271.474 270.523 0.9205 0.9240
00 271.485 270.481 0.9045 0.9080
00 271.461 270.506 0.9277 0.9312
00 271.460 270.555 0.9391 0.9422
00 271.460 270.490 0.9148 0.9181
00 271.460 270.450 0.9024 0.9057
00 271.460 270.496 0.9206 0.9240
00 271.460 270.556 0.9360 0.9392
00 271.460 270.518 0.9152 0.9186
00 271.460 270.467 0.9089 0.9122
00 271.479 270.534 0.9198 0.9234
00 271.460 270.561 0.9342 0.9374
00 271.556 270.658 0.9245 0.9275
00 272.113 271.110 0.9173 0.9209
00 272.159 271.202 0.9216 0.9247
00 272.570 271.595 0.9292 0.9330
00 272.855 271.884 0.9252 0.9287
00 272.904 271.838 0.9158 0.9202
00 273.087 272.095 0.9240 0.9275
00 273.660 272.582 0.9191 0.9238
00 273.706 272.647 0.9174 0.9218
00 273.727 272.600 0.9155 0.9206
00 273.385 272.351 0.9219 0.9255
00 273.986 272.869 0.9090 0.9137
00 273.784 272.726 0.9164 0.9207
00 273.841 272.700 0.9153 0.9205
00 273.667 272.504 0.9095 0.9146
00 273.987 272.857 0.8964 0.9012
00 273.767 272.753 0.9227 0.9266
00 273.931 272.777 0.9153 0.9205
00 273.611 272.368 0.8976 0.9030
00 274.016 272.908 0.8937 0.8983
00 273.631 272.602 0.9207 0.9248
00 273.929 272.783 0.9174 0.9225
00 273.696 272.453 0.8936 0.8989
00 273.983 272.886 0.8931 0.8975
00 273.780 272.657 0.9047 0.9096
00 273.983 272.850 0.9194 0.9244
00 273.814 272.570 0.8916 0.8978
00 273.956 272.866 0.9008 0.9052
00 274.024 272.820 0.8896 0.8951
00 274.109 272.970 0.9178 0.9227
00 273.863 272.634 0.8925 0.8985
00 274.346 273.216 0.9029 0.9073
00 274.369 273.055 0.8697 0.8757
00 274.559 273.367 0.9114 0.9164
00 274.367 273.126 0.8949 0.9004
00 274.797 273.623 0.8919 0.8972
00 274.730 273.379 0.8664 0.8723
00 274.818 273.610 0.9091 0.9148
00 274.755 273.544 0.9019 0.9077
00 275.496 274.262 0.8908 0.8959
00 275.382 274.006 0.8726 0.8792
00 275.273 274.053 0.9104 0.9158
00 275.311 274.134 0.9106 0.9155
00 275.361 274.087 0.8898 0.8955
00 275.594 274.172 0.8661 0.8728
00 275.716 274.496 0.9130 0.9184
00 275.700 274.562 0.9181 0.9231
00 275.685 274.320 0.8847 0.8909
00 275.866 274.358 0.8485 0.8555
00 275.900 274.711 0.9172 0.9225
00 276.027 274.890 0.9200 0.9247
00 273.125 272.173 0.9501 0.9532
00 272.636 271.557 0.9085 0.9133
00 272.474 271.384 0.9213 0.9256
00 272.062 271.141 0.9462 0.9492
00 273.691 272.697 0.9455 0.9493
00 273.057 271.979 0.9174 0.9218
00 272.739 271.598 0.9084 0.9137
00 272.198 271.247 0.9407 0.9438
00 272.594 271.644 0.9431 0.9465
00 272.286 271.286 0.9231 0.9265
00 272.196 271.109 0.9012 0.9055
00 271.839 270.903 0.9374 0.9406
00 271.463 270.566 0.9411 0.9442
00 271.461 270.525 0.9255 0.9289
00 271.466 270.471 0.9017 0.9051
00 271.460 270.530 0.9317 0.9352
00 271.460 270.568 0.9392 0.9422
00 271.460 270.509 0.9154 0.9188
00 271.460 270.489 0.9047 0.9080
00 271.460 270.508 0.9229 0.9263
00 271.460 270.571 0.9365 0.9395
00 271.460 270.557 0.9198 0.9230
00 271.461 270.506 0.9054 0.9087
00 271.477 270.514 0.9162 0.9198
00 271.460 270.581 0.9357 0.9386
00 271.583 270.715 0.9282 0.9309
00 272.185 271.205 0.9098 0.9131
00 272.152 271.155 0.9148 0.9183
00 272.170 271.241 0.9312 0.9341
00 272.644 271.692 0.9227 0.9261
00 272.569 271.592 0.9170 0.9207
00 272.946 271.919 0.9155 0.9194
00 272.761 271.750 0.9183 0.9223
00 273.189 272.193 0.9185 0.9219
00 273.084 272.070 0.9173 0.9210
00 273.177 272.160 0.9172 0.9208
00 273.656 272.558 0.9065 0.9113
00 273.589 272.581 0.9215 0.9254
00 273.615 272.552 0.9152 0.9198
00 273.614 272.574 0.9181 0.9224
00 274.111 272.974 0.8957 0.9004
00 273.820 272.739 0.9124 0.9169
00 274.180 273.069 0.9134 0.9179
00 273.872 272.773 0.9152 0.9199
00 273.908 272.812 0.8936 0.8981
00 273.796 272.630 0.8941 0.8995
00 273.902 272.795 0.9106 0.9153
00 273.797 272.620 0.9076 0.9132
00 273.907 272.824 0.8971 0.9015
00 273.955 272.723 0.8766 0.8824
00 273.932 272.818 0.9107 0.9154
00 273.826 272.622 0.9035 0.9093
00 274.059 272.966 0.9026 0.9069
00 273.967 272.738 0.8758 0.8816
00 274.070 272.942 0.9109 0.9157
00 273.843 272.634 0.8995 0.9053
00 274.434 273.300 0.9026 0.9069
00 274.153 272.937 0.8814 0.8868
00 274.267 273.166 0.9195 0.9238
00 273.808 272.599 0.8957 0.9015
00 274.693 273.546 0.8951 0.9003
00 274.582 273.305 0.8805 0.8860
00 275.145 273.999 0.9210 0.9258
00 274.885 273.584 0.8930 0.8995
00 275.206 274.067 0.8983 0.9029
00 275.268 273.836 0.8652 0.8725
00 275.700 274.530 0.9218 0.9271
00 275.559 274.230 0.8947 0.9008
00 275.279 274.046 0.8933 0.8987
00 275.431 273.930 0.8424 0.8500
00 275.718 274.518 0.9154 0.9208
00 275.948 274.662 0.9014 0.9076
00 275.757 274.425 0.8865 0.8923
00 275.675 274.174 0.8323 0.8393
00 275.949 274.716 0.9105 0.9163
00 275.869 274.654 0.9070 0.9126
00 271.460 270.484 0.9053 0.9086
00 271.504 270.476 0.9269 0.9308
00 271.461 270.595 0.9493 0.9521
00 271.571 270.550 0.9070 0.9113
00 271.514 270.450 0.9081 0.9120
00 271.538 270.637 0.9448 0.9478
00 271.479 270.608 0.9466 0.9494
00 271.553 270.580 0.9223 0.9261
00 271.490 270.430 0.8951 0.8988
00 271.460 270.559 0.9410 0.9441
00 271.460 270.589 0.9445 0.9473
00 271.462 270.523 0.9288 0.9322
00 271.460 270.426 0.8897 0.8932
00 271.460 270.566 0.9385 0.9416
00 271.460 270.587 0.9423 0.9451
00 271.460 270.533 0.9249 0.9283
00 271.460 270.436 0.8867 0.8900
00 271.460 270.563 0.9344 0.9375
00 271.460 270.587 0.9402 0.9430
00 271.460 270.528 0.9153 0.9187
00 271.460 270.441 0.8855 0.8888
00 271.460 270.537 0.9251 0.9285
00 271.460 270.583 0.9370 0.9399
00 271.463 270.579 0.9216 0.9246
00 271.489 270.472 0.8869 0.8904
00 271.460 270.507 0.9140 0.9173
00 271.624 270.746 0.9361 0.9389
00 272.378 271.473 0.9275 0.9300
00 272.373 271.297 0.8917 0.8956
00 272.127 271.123 0.9094 0.9130
00 272.719 271.769 0.9316 0.9350
00 273.021 272.057 0.9223 0.9256
00 272.979 271.884 0.8985 0.9031
00 273.319 272.228 0.9078 0.9120
00 273.273 272.226 0.9165 0.9203
00 273.338 272.348 0.9213 0.9245
00 273.402 272.300 0.9019 0.9061
00 274.509 273.344 0.9082 0.9128
00 273.782 272.671 0.9052 0.9100
00 273.738 272.672 0.9140 0.9185
00 273.550 272.461 0.9044 0.9084
00 274.732 273.571 0.9098 0.9151
00 273.853 272.739 0.8950 0.8998
00 273.898 272.691 0.8894 0.8951
00 273.646 272.570 0.9066 0.9112
00 274.465 273.342 0.9113 0.9155
00 273.888 272.802 0.8963 0.9007
00 273.827 272.628 0.8782 0.8838
00 273.758 272.703 0.9105 0.9147
00 274.148 273.043 0.9120 0.9165
00 273.890 272.808 0.8995 0.9039
00 273.870 272.703 0.8854 0.8906
00 273.945 272.883 0.9105 0.9146
00 274.406 273.234 0.9109 0.9157
00 273.945 272.858 0.9026 0.9070
00 273.949 272.797 0.8923 0.8974
00 273.913 272.846 0.9086 0.9129
00 274.514 273.291 0.9072 0.9124
00 274.023 272.930 0.9017 0.9061
00 274.111 272.914 0.8888 0.8941
00 273.896 272.821 0.9074 0.9117
00 274.536 273.285 0.9014 0.9068
00 274.149 273.055 0.8939 0.8981
00 274.288 273.000 0.8759 0.8818
00 273.924 272.842 0.9079 0.9123
00 274.759 273.481 0.8977 0.9035
00 274.657 273.570 0.8975 0.9021
00 275.034 273.593 0.8569 0.8646
00 274.927 273.774 0.9096 0.9147
00 275.327 274.000 0.8951 0.9015
00 275.213 274.037 0.8974 0.9023
00 275.611 274.068 0.8341 0.8418
00 275.592 274.435 0.9172 0.9216
00 275.851 274.484 0.8934 0.8999
00 275.732 274.437 0.8911 0.8965
00 276.073 274.488 0.8231 0.8309
00 275.966 274.821 0.9226 0.9274
00 271.828 270.849 0.8943 0.8978
00 271.842 270.977 0.9530 0.9555
00 271.650 270.592 0.8964 0.9011
00 271.591 270.591 0.9340 0.9381
00 271.881 270.969 0.9509 0.9539
00 271.489 270.637 0.9514 0.9540
00 271.546 270.526 0.9014 0.9056
00 271.477 270.427 0.9111 0.9150
00 272.033 271.115 0.9478 0.9507
00 271.500 270.648 0.9493 0.9519
00 271.520 270.501 0.9060 0.9099
00 271.475 270.455 0.9001 0.9035
00 271.460 270.571 0.9440 0.9470
00 271.460 270.612 0.9473 0.9498
00 271.460 270.468 0.9153 0.9187
00 271.460 270.452 0.8922 0.8955
00 271.460 270.580 0.9412 0.9441
00 271.460 270.615 0.9456 0.9481
00 271.460 270.499 0.9200 0.9234
00 271.460 270.461 0.8913 0.8945
00 271.460 270.588 0.9387 0.9415
00 271.460 270.618 0.9441 0.9466
00 271.460 270.521 0.9181 0.9215
00 271.460 270.476 0.8906 0.8938
00 271.460 270.581 0.9334 0.9363
00 271.460 270.618 0.9423 0.9448
00 271.460 270.544 0.9160 0.9193
00 271.460 270.494 0.8870 0.8902
00 271.460 270.559 0.9232 0.9263
00 271.461 270.616 0.9398 0.9423
00 271.464 270.596 0.9223 0.9250
00 271.647 270.674 0.8813 0.8850
00 271.460 270.535 0.9107 0.9140
00 271.759 270.895 0.9377 0.9403
00 271.889 271.020 0.9265 0.9289
00 272.708 271.629 0.8777 0.8824
00 271.849 270.882 0.9040 0.9074
00 272.565 271.638 0.9331 0.9363
00 272.902 271.963 0.9246 0.9277
00 273.322 272.178 0.8769 0.8814
00 273.126 272.044 0.8992 0.9035
00 273.279 272.225 0.9149 0.9188
00 273.396 272.415 0.9233 0.9263
00 273.722 272.548 0.8811 0.8865
00 274.638 273.429 0.8987 0.9036
00 274.078 272.931 0.9032 0.9081
00 273.864 272.750 0.9074 0.9122
00 273.757 272.586 0.8862 0.8917
00 274.694 273.498 0.9011 0.9063
00 274.096 272.953 0.8950 0.8998
00 273.973 272.755 0.8849 0.8906
00 273.777 272.610 0.8907 0.8961
00 274.918 273.718 0.9026 0.9081
00 274.069 272.958 0.8974 0.9019
00 274.044 272.879 0.8906 0.8956
00 273.771 272.624 0.8955 0.9007
00 274.959 273.782 0.9057 0.9110
00 274.061 272.964 0.9014 0.9058
00 274.352 273.216 0.9036 0.9081
00 274.107 272.959 0.8986 0.9034
00 274.843 273.689 0.9076 0.9128
00 274.236 273.125 0.9023 0.9067
00 274.295 273.143 0.9047 0.9094
00 274.351 273.220 0.9022 0.9066
00 274.785 273.599 0.9072 0.9127
00 274.470 273.339 0.8992 0.9035
00 274.441 273.219 0.8941 0.8993
00 274.397 273.307 0.9082 0.9122
00 274.987 273.735 0.9054 0.9114
00 274.691 273.564 0.8976 0.9026
00 274.719 273.375 0.8756 0.8816
00 274.326 273.254 0.9077 0.9116
00 275.160 273.882 0.9030 0.9091
00 274.964 273.846 0.8989 0.9035
00 274.908 273.461 0.8522 0.8590
00 274.787 273.683 0.9087 0.9133
00 275.385 274.084 0.8992 0.9053
00 275.458 274.322 0.9022 0.9064
00 275.383 273.853 0.8264 0.8342
00 275.550 274.372 0.9066 0.9112
00 275.608 274.289 0.8968 0.9028
00 275.840 274.584 0.8950 0.9010
00 275.765 274.222 0.8178 0.8249
00 275.976 274.759 0.9055 0.9110
00 273.139 272.040 0.8942 0.8986
00 272.517 271.628 0.9512 0.9540
00 272.112 271.023 0.8951 0.8996
00 271.795 270.753 0.9127 0.9170
00 273.415 272.443 0.9456 0.9488
00 272.150 271.277 0.9490 0.9514
00 271.958 270.904 0.9007 0.9049
00 271.606 270.609 0.9053 0.9093
00 271.465 270.585 0.9429 0.9458
00 271.553 270.709 0.9471 0.9496
00 271.796 270.778 0.9082 0.9123
00 271.460 270.471 0.9002 0.9035
00 271.482 270.611 0.9402 0.9430
00 271.521 270.685 0.9457 0.9481
00 271.476 270.500 0.9110 0.9145
00 271.460 270.470 0.8994 0.9027
00 271.500 270.629 0.9354 0.9382
00 271.462 270.636 0.9448 0.9471
00 271.460 270.520 0.9137 0.9170
00 271.460 270.479 0.8954 0.8986
00 271.461 270.578 0.9250 0.9279
00 271.460 270.638 0.9434 0.9457
00 271.460 270.557 0.9158 0.9189
00 271.460 270.493 0.8876 0.8908
00 271.460 270.547 0.9124 0.9156
00 271.460 270.641 0.9418 0.9440
00 271.460 270.599 0.9220 0.9247
00 271.521 270.583 0.8786 0.8821
00 271.460 270.526 0.9070 0.9104
00 271.603 270.772 0.9397 0.9420
00 271.948 271.079 0.9257 0.9280
00 272.593 271.577 0.8693 0.8735
00 271.993 271.006 0.9021 0.9056
00 272.425 271.533 0.9359 0.9388
00 272.782 271.862 0.9261 0.9290
00 273.305 272.234 0.8682 0.8718
00 272.795 271.719 0.8949 0.8994
00 273.363 272.311 0.9156 0.9194
00 273.515 272.536 0.9244 0.9282
00 273.816 272.682 0.8663 0.8712
00 273.939 272.747 0.8900 0.8955
00 274.126 272.968 0.9032 0.9081
00 274.037 272.936 0.9110 0.9155
00 273.968 272.816 0.8673 0.8722
00 274.816 273.553 0.8897 0.8959
00 274.174 273.017 0.8953 0.9002
00 274.239 273.038 0.8945 0.8997
00 274.014 272.849 0.8696 0.8746
00 275.009 273.763 0.8941 0.9000
00 274.348 273.215 0.9001 0.9045
00 274.154 273.011 0.8990 0.9037
00 274.076 272.903 0.8768 0.8819
00 274.848 273.652 0.8984 0.9039
00 274.385 273.256 0.9021 0.9065
00 274.466 273.341 0.9110 0.9153
00 274.418 273.203 0.8822 0.8873
00 274.978 273.796 0.9016 0.9069
00 274.450 273.326 0.9018 0.9060
00 274.657 273.494 0.9108 0.9158
00 274.756 273.507 0.8855 0.8912
00 275.021 273.853 0.9041 0.9092
00 274.872 273.719 0.8987 0.9038
00 275.084 273.829 0.9014 0.9074
00 274.980 273.729 0.8894 0.8954
00 275.121 273.927 0.9043 0.9095
00 275.219 274.067 0.9018 0.9065
00 275.226 273.840 0.8783 0.8852
00 275.192 273.961 0.8944 0.8999
00 275.191 273.935 0.9014 0.9072
00 275.376 274.222 0.9008 0.9053
00 275.433 273.916 0.8515 0.8593
00 275.497 274.286 0.8995 0.9044
00 275.419 274.120 0.8988 0.9048
00 275.490 274.386 0.9049 0.9088
00 275.447 273.904 0.8250 0.8329
00 275.689 274.493 0.9019 0.9070
00 275.842 274.534 0.8996 0.9060
00 275.918 274.732 0.8996 0.9049
00 275.705 274.176 0.8156 0.8227
00 276.072 274.847 0.9012 0.9067
00 272.955 271.901 0.8965 0.9006
00 272.715 271.806 0.9522 0.9552
00 272.487 271.325 0.8860 0.8906
00 272.157 271.164 0.9340 0.9376
00 273.970 272.970 0.9477 0.9513
00 273.164 272.233 0.9498 0.9527
00 272.521 271.370 0.8922 0.8968
00 272.177 271.177 0.9259 0.9295
00 274.707 273.676 0.9439 0.9479
00 273.328 272.395 0.9474 0.9502
00 272.543 271.417 0.8966 0.9009
00 272.110 271.108 0.9163 0.9199
00 274.791 273.749 0.9400 0.9441
00 273.084 272.173 0.9457 0.9484
00 272.485 271.407 0.9032 0.9071
00 272.125 271.070 0.9055 0.9096
00 273.885 272.857 0.9320 0.9360
00 272.605 271.722 0.9450 0.9478
00 271.667 270.666 0.9069 0.9109
00 271.471 270.469 0.9049 0.9083
00 272.914 271.918 0.9244 0.9281
00 271.483 270.658 0.9448 0.9471
00 271.460 270.521 0.9130 0.9164
00 271.460 270.471 0.8992 0.9024
00 271.489 270.551 0.9154 0.9189
00 271.460 270.642 0.9435 0.9457
00 271.460 270.556 0.9171 0.9202
00 271.460 270.499 0.8924 0.8956
00 271.460 270.516 0.9113 0.9146
00 271.460 270.653 0.9424 0.9445
00 271.460 270.595 0.9218 0.9246
00 271.460 270.538 0.8782 0.8814
00 271.460 270.514 0.9079 0.9112
00 271.460 270.645 0.9388 0.9410
00 271.461 270.622 0.9258 0.9283
00 271.813 270.897 0.8676 0.8704
00 271.790 270.795 0.9017 0.9055
00 272.041 271.175 0.9330 0.9354
00 272.748 271.838 0.9272 0.9301
00 273.177 272.119 0.8699 0.8737
00 273.330 272.171 0.8943 0.8991
00 273.308 272.284 0.9169 0.9205
00 273.510 272.549 0.9267 0.9303
00 273.844 272.705 0.8692 0.8742
00 274.294 273.028 0.8893 0.8951
00 273.959 272.832 0.9059 0.9107
00 273.968 272.931 0.9202 0.9241
00 274.026 272.877 0.8677 0.8725
00 274.519 273.230 0.8844 0.8902
00 274.101 272.949 0.8964 0.9013
00 274.267 273.127 0.9058 0.9105
00 274.137 272.983 0.8678 0.8725
00 274.577 273.291 0.8816 0.8872
00 274.324 273.190 0.9012 0.9056
00 274.246 273.128 0.9077 0.9122
00 274.168 273.008 0.8667 0.8714
00 274.693 273.431 0.8845 0.8897
00 274.607 273.456 0.9027 0.9070
00 274.385 273.285 0.9162 0.9204
00 274.306 273.140 0.8680 0.8726
00 274.618 273.420 0.8906 0.8953
00 274.605 273.452 0.8990 0.9034
00 274.556 273.419 0.9147 0.9190
00 274.546 273.350 0.8705 0.8751
00 274.702 273.551 0.8993 0.9045
00 274.839 273.682 0.8969 0.9020
00 274.901 273.684 0.9066 0.9123
00 274.917 273.678 0.8738 0.8796
00 275.176 274.011 0.9028 0.9077
00 275.073 273.927 0.8993 0.9040
00 275.210 273.854 0.8848 0.8915
00 275.220 273.946 0.8753 0.8811
00 275.082 273.910 0.9017 0.9068
00 275.132 274.004 0.8993 0.9038
00 275.323 273.822 0.8532 0.8611
00 275.186 273.949 0.8820 0.8875
00 275.262 274.019 0.8972 0.9028
00 275.287 274.179 0.9009 0.9050
00 275.490 273.922 0.8214 0.8294
00 275.263 274.055 0.8884 0.8935
00 275.554 274.280 0.8980 0.9035
00 275.532 274.420 0.9017 0.9056
00 275.860 274.297 0.8128 0.8199
00 275.751 274.493 0.8897 0.8952
00 273.253 272.188 0.8976 0.9015
00 272.973 272.022 0.9504 0.9537
00 272.786 271.592 0.8869 0.8927
00 272.426 271.435 0.9366 0.9399
00 274.124 273.099 0.9462 0.9500
00 273.091 272.154 0.9438 0.9468
00 272.040 270.947 0.9021 0.9067
00 271.919 270.837 0.9075 0.9122
00 271.460 270.469 0.9130 0.9164
00 271.460 270.633 0.9477 0.9500
00 271.460 270.514 0.9130 0.9163
00 271.460 270.535 0.9006 0.9038
00 271.460 270.501 0.9089 0.9122
00 271.460 270.663 0.9463 0.9483
00 271.460 270.573 0.9200 0.9230
00 271.460 270.547 0.8802 0.8834
00 271.460 270.527 0.9048 0.9081
00 271.460 270.668 0.9424 0.9443
00 271.460 270.611 0.9263 0.9289
00 271.561 270.660 0.8654 0.8684
00 271.468 270.510 0.8992 0.9026
00 271.946 271.106 0.9335 0.9357
00 272.601 271.702 0.9284 0.9313
00 272.895 271.827 0.8672 0.8714
00 273.717 272.540 0.8943 0.8998
00 273.321 272.336 0.9205 0.9237
00 273.766 272.803 0.9279 0.9312
00 273.688 272.534 0.8642 0.8692
00 274.578 273.303 0.8922 0.8978
00 273.975 272.881 0.9096 0.9141
00 274.106 273.115 0.9279 0.9313
00 274.048 272.882 0.8627 0.8676
00 274.771 273.477 0.8905 0.8964
00 274.064 272.910 0.8969 0.9019
00 274.081 273.049 0.9221 0.9259
00 274.057 272.885 0.8611 0.8661
00 274.628 273.344 0.8870 0.8926
00 274.301 273.158 0.9016 0.9062
00 274.171 273.107 0.9186 0.9226
00 274.091 272.922 0.8709 0.8759
00 274.704 273.414 0.8832 0.8887
00 274.506 273.381 0.9061 0.9103
00 274.336 273.256 0.9204 0.9245
00 274.441 273.255 0.8730 0.8777
00 274.887 273.605 0.8839 0.8903
00 274.485 273.360 0.9028 0.9071
00 274.616 273.487 0.9175 0.9221
00 274.920 273.728 0.8762 0.8815
00 274.714 273.493 0.8870 0.8923
00 274.452 273.340 0.9017 0.9058
00 274.886 273.681 0.9090 0.9146
00 275.064 273.887 0.8789 0.8839
00 274.921 273.735 0.8919 0.8972
00 274.792 273.670 0.8997 0.9045
00 275.118 273.779 0.8880 0.8947
00 275.163 273.983 0.8833 0.8883
00 275.045 273.890 0.8982 0.9031
00 275.081 273.955 0.8989 0.9034
00 275.351 273.853 0.8555 0.8633
00 275.192 273.985 0.8821 0.8872
00 275.083 273.931 0.8994 0.9042
00 275.230 274.121 0.9004 0.9046
00 275.462 273.886 0.8199 0.8281
00 275.297 274.038 0.8786 0.8841
00 275.636 274.409 0.8979 0.9028
00 275.502 274.413 0.9035 0.9072
00 275.781 274.227 0.8127 0.8198
00 275.413 274.127 0.8793 0.8849
00 271.460 270.576 0.8961 0.8991
00 271.460 270.638 0.9401 0.9423
00 271.460 270.538 0.9153 0.9186
00 271.460 270.520 0.8755 0.8787
00 271.460 270.518 0.9020 0.9053
00 271.460 270.655 0.9336 0.9357
00 271.460 270.595 0.9239 0.9266
00 271.460 270.542 0.8616 0.8647
00 271.460 270.512 0.8949 0.8982
00 271.545 270.729 0.9237 0.9259
00 271.816 270.959 0.9271 0.9295
00 272.487 271.435 0.8670 0.8703
00 272.834 271.755 0.8908 0.8954
00 273.014 272.066 0.9133 0.9163
00 273.577 272.630 0.9289 0.9323
00 273.564 272.413 0.8633 0.8674
00 274.808 273.529 0.8885 0.8947
00 274.200 273.105 0.9053 0.9095
00 274.299 273.311 0.9292 0.9324
00 274.030 272.858 0.8612 0.8662
00 274.789 273.515 0.8899 0.8959
00 274.208 273.058 0.8992 0.9040
00 274.406 273.401 0.9284 0.9317
00 274.181 273.005 0.8587 0.8635
00 274.750 273.490 0.8916 0.8973
00 274.312 273.151 0.9018 0.9066
00 274.416 273.382 0.9260 0.9295
00 274.340 273.138 0.8621 0.8670
00 274.760 273.497 0.8885 0.8943
00 274.344 273.211 0.9043 0.9088
00 274.559 273.489 0.9235 0.9276
00 274.623 273.423 0.8727 0.8772
00 274.719 273.460 0.8869 0.8923
00 274.377 273.277 0.9053 0.9094
00 274.701 273.578 0.9190 0.9240
00 274.963 273.762 0.8774 0.8828
00 274.823 273.577 0.8892 0.8953
00 274.628 273.528 0.9034 0.9080
00 274.866 273.663 0.9092 0.9148
00 274.843 273.651 0.8777 0.8831
00 274.960 273.737 0.8914 0.8970
00 274.725 273.649 0.9032 0.9076
00 275.095 273.752 0.8873 0.8940
00 275.046 273.770 0.8712 0.8772
00 275.126 273.924 0.8910 0.8962
00 274.857 273.794 0.9034 0.9076
00 275.185 273.716 0.8569 0.8646
00 275.226 273.892 0.8647 0.8710
00 275.120 273.961 0.8943 0.8991
00 274.947 273.894 0.9032 0.9071
00 275.256 273.711 0.8211 0.8293
00 275.143 273.818 0.8632 0.8696
00 275.712 274.523 0.8978 0.9030
00 275.406 274.328 0.9022 0.9059
00 275.839 274.255 0.8091 0.8165
00 275.923 274.507 0.8629 0.8698
00 272.950 271.990 0.8975 0.9006
00 272.667 271.763 0.9345 0.9375
00 272.445 271.314 0.8611 0.8653
00 272.450 271.442 0.9403 0.9439
00 272.412 271.394 0.8605 0.8635
00 272.226 271.332 0.9250 0.9274
00 271.974 270.899 0.8577 0.8620
00 272.110 271.122 0.9385 0.9421
00 271.642 270.761 0.8610 0.8637
00 271.986 271.100 0.9143 0.9167
00 271.870 270.802 0.8566 0.8610
00 271.969 270.929 0.9242 0.9284
00 271.469 270.650 0.8680 0.8703
00 271.683 270.810 0.9026 0.9052
00 271.816 270.743 0.8582 0.8627
00 271.827 270.755 0.9073 0.9119
00 271.566 270.763 0.8852 0.8872
00 272.005 271.094 0.8900 0.8926
00 271.821 270.749 0.8689 0.8734
00 271.745 270.695 0.9018 0.9062
00 271.773 270.979 0.9058 0.9074
00 271.994 271.126 0.9056 0.9078
00 271.986 270.919 0.8785 0.8828
00 271.672 270.604 0.8867 0.8914
00 271.520 270.745 0.9130 0.9147
00 271.718 270.927 0.9345 0.9363
00 271.977 270.930 0.8824 0.8865
00 271.649 270.617 0.8833 0.8877
00 271.461 270.700 0.9261 0.9277
00 271.467 270.704 0.9356 0.9372
00 271.887 270.849 0.8842 0.8883
00 271.772 270.748 0.8772 0.8813
00 271.461 270.694 0.9337 0.9354
00 271.478 270.728 0.9324 0.9339
00 271.951 270.910 0.8862 0.8902
00 272.093 271.062 0.8685 0.8721
00 271.477 270.675 0.9191 0.9212
00 271.549 270.810 0.9344 0.9358
00 272.074 271.025 0.8891 0.8931
00 272.330 271.295 0.8587 0.8620
00 272.284 271.398 0.8830 0.8849
00 272.291 271.519 0.9358 0.9375
00 272.270 271.193 0.8916 0.8957
00 272.417 271.389 0.8551 0.8581
00 272.642 271.681 0.8446 0.8480
00 272.347 271.574 0.9357 0.9374
00 272.155 271.079 0.8917 0.8959
00 272.347 271.349 0.8524 0.8552
00 272.772 271.844 0.8114 0.8142
00 272.337 271.567 0.9352 0.9369
00 272.210 271.127 0.8903 0.8945
00 272.288 271.343 0.8526 0.8549
00 272.816 271.971 0.7985 0.8003
00 272.674 271.889 0.9341 0.9358
00 272.395 271.314 0.8909 0.8949
00 272.570 271.629 0.8539 0.8572
00 273.130 272.238 0.7870 0.7885
00 272.870 272.079 0.9329 0.9344
00 272.839 271.753 0.8917 0.8963
00 272.743 271.789 0.8470 0.8502
00 273.189 272.248 0.7777 0.7795
00 272.925 272.135 0.9330 0.9345
00 272.998 271.926 0.8908 0.8951
00 272.760 271.815 0.8354 0.8384
00 273.993 272.889 0.7694 0.7733
00 273.842 273.006 0.9337 0.9356
00 273.758 272.625 0.8899 0.8949
00 273.603 272.558 0.8241 0.8281
00 274.364 273.170 0.7590 0.7628
00 274.650 273.779 0.9346 0.9370
00 274.258 273.085 0.8887 0.8936
00 274.044 272.988 0.8081 0.8116
00 273.226 272.277 0.7523 0.7539
00 272.812 271.898 0.9385 0.9414
00 272.375 271.227 0.8545 0.8589
00 272.492 271.461 0.9354 0.9392
00 272.802 271.772 0.8588 0.8628
00 272.507 271.589 0.9279 0.9311
00 272.026 270.924 0.8495 0.8539
00 272.130 271.148 0.9373 0.9408
00 272.104 271.200 0.8643 0.8665
00 272.281 271.363 0.9183 0.9208
00 271.907 270.814 0.8514 0.8559
00 271.950 270.977 0.9357 0.9392
00 271.537 270.694 0.8633 0.8657
00 271.973 271.057 0.9090 0.9118
00 271.657 270.603 0.8519 0.8565
00 271.769 270.783 0.9305 0.9343
00 271.614 270.766 0.8740 0.8764
00 272.024 271.102 0.9021 0.9048
00 271.738 270.668 0.8500 0.8545
00 271.808 270.757 0.9108 0.9152
00 271.603 270.810 0.8944 0.8963
00 272.041 271.136 0.8945 0.8970
00 271.811 270.731 0.8505 0.8551
00 271.807 270.761 0.9029 0.9072
00 271.473 270.713 0.9079 0.9095
00 271.544 270.718 0.8991 0.9013
00 271.856 270.779 0.8558 0.8602
00 271.869 270.809 0.8931 0.8975
00 271.461 270.709 0.9146 0.9161
00 271.461 270.702 0.9303 0.9319
00 271.705 270.658 0.8645 0.8689
00 271.618 270.601 0.8912 0.8954
00 271.461 270.723 0.9324 0.9338
00 271.460 270.714 0.9348 0.9363
00 271.667 270.629 0.8709 0.8752
00 271.649 270.639 0.8869 0.8910
00 271.461 270.710 0.9313 0.9328
00 271.465 270.728 0.9337 0.9351
00 271.591 270.557 0.8768 0.8812
00 272.202 271.150 0.8781 0.8819
00 271.606 270.822 0.9013 0.9031
00 272.214 271.445 0.9325 0.9336
00 271.715 270.663 0.8832 0.8877
00 272.765 271.683 0.8725 0.8771
00 272.779 271.870 0.8727 0.8755
00 272.416 271.644 0.9318 0.9335
00 272.310 271.202 0.8874 0.8917
00 272.217 271.236 0.8662 0.8691
00 272.441 271.553 0.8347 0.8374
00 272.424 271.660 0.9324 0.9340
00 272.281 271.185 0.8885 0.8927
00 272.081 271.175 0.8601 0.8624
00 272.817 271.918 0.8064 0.8088
00 272.686 271.914 0.9333 0.9348
00 272.561 271.461 0.8873 0.8914
00 272.452 271.567 0.8545 0.8574
00 272.976 272.117 0.7972 0.7987
00 273.116 272.323 0.9329 0.9343
00 272.927 271.819 0.8852 0.8899
00 272.644 271.792 0.8510 0.8532
00 273.377 272.424 0.7813 0.7831
00 273.309 272.506 0.9334 0.9352
00 273.051 271.971 0.8850 0.8892
00 273.013 272.154 0.8527 0.8544
00 273.947 272.861 0.7668 0.7707
00 274.261 273.403 0.9330 0.9348
00 273.895 272.784 0.8873 0.8919
00 273.655 272.726 0.8539 0.8568
00 274.315 273.134 0.7565 0.7603
00 274.547 273.679 0.9323 0.9347
00 274.267 273.156 0.8891 0.8933
00 274.083 273.097 0.8492 0.8521
00 273.274 272.320 0.7526 0.7541
00 272.918 271.981 0.9372 0.9403
00 272.574 271.387 0.8516 0.8561
00 272.567 271.437 0.9182 0.9228
00 273.031 272.012 0.8601 0.8636
00 272.593 271.662 0.9311 0.9344
00 272.268 271.123 0.8442 0.8487
00 272.332 271.263 0.9218 0.9260
00 272.507 271.566 0.8632 0.8667
00 272.195 271.271 0.9261 0.9289
00 271.810 270.722 0.8424 0.8470
00 271.788 270.791 0.9264 0.9303
00 271.609 270.802 0.8655 0.8674
00 271.725 270.817 0.9193 0.9223
00 271.462 270.432 0.8427 0.8457
00 271.462 270.524 0.9352 0.9386
00 271.469 270.641 0.8666 0.8690
00 271.563 270.667 0.9075 0.9105
00 271.516 270.483 0.8430 0.8465
00 271.562 270.621 0.9357 0.9392
00 271.521 270.677 0.8808 0.8833
00 271.804 270.913 0.9002 0.9028
00 271.905 270.819 0.8434 0.8479
00 271.931 270.936 0.9278 0.9316
00 271.466 270.684 0.8986 0.9005
00 271.528 270.664 0.8878 0.8905
00 271.824 270.753 0.8434 0.8478
00 271.858 270.822 0.9092 0.9134
00 271.461 270.714 0.9096 0.9110
00 271.461 270.617 0.8882 0.8907
00 271.841 270.783 0.8426 0.8468
00 271.955 270.923 0.9037 0.9078
00 271.461 270.732 0.9231 0.9243
00 271.462 270.669 0.9077 0.9096
00 271.870 270.815 0.8418 0.8460
00 271.994 270.971 0.9005 0.9044
00 271.490 270.768 0.9328 0.9339
00 271.593 270.845 0.9306 0.9320
00 271.759 270.714 0.8471 0.8513
00 271.943 270.931 0.8975 0.9014
00 272.426 271.625 0.9255 0.9275
00 272.557 271.768 0.9332 0.9350
00 272.452 271.320 0.8568 0.8609
00 272.704 271.623 0.8910 0.8957
00 272.470 271.651 0.8931 0.8953
00 272.399 271.618 0.9310 0.9328
00 272.145 271.058 0.8655 0.8697
00 272.516 271.464 0.8858 0.8895
00 272.344 271.519 0.8648 0.8667
00 272.628 271.835 0.9285 0.9303
00 272.453 271.349 0.8735 0.8774
00 272.161 271.172 0.8820 0.8852
00 273.245 272.266 0.8265 0.8289
00 273.344 272.515 0.9281 0.9302
00 272.880 271.757 0.8796 0.8845
00 272.558 271.573 0.8784 0.8822
00 273.424 272.464 0.8051 0.8075
00 273.432 272.609 0.9294 0.9316
00 273.057 271.949 0.8837 0.8882
00 272.828 271.873 0.8736 0.8768
00 273.204 272.297 0.7952 0.7968
00 273.118 272.314 0.9309 0.9323
00 273.306 272.200 0.8850 0.8891
00 273.095 272.165 0.8677 0.8702
00 273.621 272.613 0.7781 0.7820
00 273.729 272.877 0.9305 0.9327
00 274.021 272.870 0.8851 0.8900
00 273.838 272.878 0.8622 0.8653
00 273.708 272.648 0.7610 0.7651
00 273.851 272.987 0.9295 0.9317
00 274.205 273.059 0.8851 0.8898
00 274.280 273.310 0.8562 0.8586
00 273.026 272.101 0.7527 0.7547
00 272.772 271.847 0.9422 0.9453
00 272.362 271.178 0.8440 0.8487
00 272.259 271.215 0.9331 0.9371
00 272.871 271.896 0.8641 0.8674
00 272.462 271.548 0.9384 0.9415
00 272.209 271.057 0.8404 0.8450
00 272.140 271.068 0.9229 0.9273
00 271.938 271.043 0.8575 0.8599
00 271.792 270.898 0.9326 0.9354
00 271.693 270.612 0.8391 0.8438
00 271.680 270.632 0.9173 0.9218
00 271.461 270.675 0.8704 0.8723
00 271.460 270.571 0.9252 0.9282
00 271.460 270.426 0.8330 0.8360
00 271.460 270.464 0.9199 0.9233
00 271.485 270.721 0.8748 0.8765
00 271.515 270.617 0.9113 0.9144
00 271.507 270.488 0.8334 0.8368
00 271.551 270.589 0.9277 0.9314
00 271.768 270.908 0.8711 0.8734
00 271.773 270.867 0.8968 0.8997
00 271.889 270.821 0.8342 0.8384
00 271.850 270.904 0.9355 0.9388
00 271.797 270.918 0.8841 0.8866
00 271.838 270.933 0.8804 0.8831
00 271.830 270.784 0.8342 0.8383
00 271.913 270.950 0.9325 0.9359
00 271.675 270.874 0.8998 0.9017
00 271.599 270.727 0.8703 0.8730
00 271.781 270.759 0.8349 0.8388
00 272.009 271.024 0.9260 0.9296
00 271.470 270.723 0.9091 0.9106
00 271.475 270.625 0.8731 0.8757
00 272.235 271.158 0.8352 0.8389
00 271.979 270.984 0.9178 0.9215
00 271.711 270.983 0.9242 0.9253
00 272.271 271.364 0.8891 0.8913
00 272.588 271.456 0.8320 0.8360
00 271.972 270.988 0.9137 0.9173
00 272.801 272.027 0.9342 0.9356
00 272.257 271.412 0.9118 0.9135
00 272.339 271.244 0.8333 0.8370
00 272.230 271.233 0.9117 0.9151
00 272.621 271.822 0.9167 0.9185
00 272.409 271.613 0.9295 0.9315
00 272.434 271.325 0.8355 0.8392
00 272.263 271.268 0.9076 0.9109
00 272.698 271.878 0.8845 0.8864
00 272.608 271.815 0.9310 0.9328
00 272.680 271.532 0.8379 0.8428
00 272.460 271.454 0.9030 0.9062
00 273.296 272.390 0.8610 0.8628
00 273.194 272.364 0.9297 0.9313
00 272.850 271.671 0.8406 0.8460
00 272.672 271.666 0.9006 0.9045
00 273.739 272.723 0.8240 0.8277
00 273.450 272.586 0.9250 0.9275
00 273.139 271.933 0.8514 0.8566
00 272.833 271.842 0.9005 0.9041
00 274.096 273.028 0.8027 0.8062
00 274.074 273.150 0.9208 0.9234
00 273.825 272.558 0.8587 0.8650
00 273.298 272.294 0.8995 0.9027
00 274.691 273.487 0.7901 0.7946
00 274.812 273.850 0.9240 0.9272
00 274.646 273.336 0.8668 0.8724
00 274.300 273.225 0.8922 0.8960
00 274.375 273.190 0.7736 0.7775
00 274.744 273.788 0.9266 0.9298
00 274.518 273.275 0.8738 0.8789
00 274.132 273.103 0.8855 0.8890
00 272.644 271.809 0.7588 0.7608
00 272.460 271.543 0.9456 0.9488
00 272.104 270.958 0.8513 0.8561
00 272.006 271.031 0.9403 0.9438
00 272.466 271.528 0.8742 0.8773
00 272.281 271.368 0.9419 0.9446
00 271.949 270.811 0.8345 0.8394
00 271.702 270.727 0.9371 0.9409
00 272.210 271.291 0.8661 0.8684
00 272.016 271.121 0.9391 0.9417
00 271.743 270.647 0.8291 0.8339
00 271.742 270.728 0.9302 0.9343
00 271.478 270.628 0.8594 0.8620
00 271.477 270.606 0.9345 0.9373
00 271.467 270.451 0.8220 0.8250
00 271.469 270.447 0.9242 0.9278
00 271.461 270.653 0.8715 0.8737
00 271.460 270.583 0.9278 0.9307
00 271.460 270.522 0.8132 0.8161
00 271.460 270.430 0.9160 0.9197
00 271.540 270.766 0.8861 0.8877
00 271.671 270.776 0.9158 0.9187
00 271.508 270.626 0.8115 0.8144
00 271.476 270.464 0.9127 0.9162
00 272.461 271.586 0.8824 0.8852
00 272.393 271.429 0.8931 0.8958
00 272.131 271.178 0.8121 0.8145
00 271.976 270.967 0.9180 0.9218
00 271.989 271.089 0.8699 0.8723
00 272.249 271.310 0.8798 0.8823
00 272.059 271.153 0.8073 0.8093
00 271.876 270.925 0.9282 0.9316
00 271.780 270.899 0.8805 0.8830
00 272.033 271.135 0.8798 0.8821
00 272.168 271.262 0.8041 0.8058
00 272.033 271.088 0.9317 0.9349
00 271.653 270.852 0.8988 0.9007
00 271.906 271.039 0.8769 0.8791
00 272.545 271.576 0.8032 0.8067
00 272.305 271.354 0.9326 0.9356
00 271.553 270.804 0.9076 0.9090
00 272.211 271.308 0.8700 0.8721
00 272.750 271.738 0.8040 0.8077
00 272.141 271.196 0.9301 0.9332
00 272.279 271.527 0.9248 0.9263
00 272.146 271.260 0.8771 0.8791
00 272.431 271.452 0.8078 0.8104
00 272.231 271.279 0.9271 0.9301
00 272.511 271.754 0.9314 0.9328
00 272.441 271.580 0.9015 0.9041
00 272.236 271.261 0.8109 0.8133
00 272.026 271.080 0.9218 0.9250
00 272.716 271.927 0.9086 0.9102
00 272.978 272.138 0.9257 0.9277
00 272.579 271.522 0.8153 0.8191
00 272.220 271.259 0.9179 0.9210
00 272.986 272.157 0.8841 0.8857
00 273.175 272.337 0.9302 0.9319
00 272.797 271.683 0.8225 0.8272
00 272.595 271.606 0.9130 0.9169
00 273.421 272.530 0.8614 0.8639
00 273.403 272.541 0.9284 0.9309
00 273.145 271.971 0.8264 0.8312
00 273.096 272.096 0.9137 0.9172
00 274.085 273.043 0.8226 0.8259
00 274.173 273.243 0.9244 0.9271
00 274.014 272.712 0.8299 0.8362
00 274.057 273.011 0.9136 0.9175
00 274.442 273.328 0.8066 0.8098
00 274.796 273.804 0.9220 0.9255
00 274.463 273.102 0.8333 0.8394
00 274.438 273.379 0.9119 0.9155
00 274.824 273.585 0.7887 0.7943
00 274.950 273.934 0.9208 0.9244
00 274.370 273.035 0.8363 0.8423
00 274.216 273.193 0.9113 0.9148
00 271.487 270.903 0.7695 0.7693
00 271.506 270.379 0.8427 0.8467
00 271.750 270.862 0.9451 0.9479
00 271.521 270.448 0.8364 0.8400
00 271.526 270.598 0.9393 0.9427
00 271.673 270.810 0.8735 0.8760
00 271.525 270.647 0.9412 0.9441
00 271.508 270.472 0.8248 0.8282
00 271.480 270.536 0.9368 0.9404
00 271.486 270.684 0.8760 0.8781
00 271.463 270.596 0.9374 0.9401
00 271.462 270.489 0.8145 0.8174
00 271.460 270.466 0.9269 0.9303
00 271.461 270.642 0.8713 0.8736
00 271.461 270.601 0.9331 0.9358
00 271.460 270.602 0.8022 0.8049
00 271.460 270.418 0.9171 0.9209
00 271.460 270.613 0.8665 0.8691
00 271.461 270.602 0.9275 0.9302
00 271.460 270.724 0.7934 0.7948
00 271.460 270.416 0.9135 0.9173
00 271.460 270.646 0.8732 0.8755
00 271.473 270.614 0.9158 0.9184
00 271.496 270.835 0.7901 0.7907
00 271.482 270.447 0.9078 0.9114
00 271.471 270.694 0.8862 0.8880
00 272.053 271.136 0.8913 0.8939
00 272.351 271.593 0.7876 0.7893
00 271.994 270.943 0.9023 0.9065
00 271.797 270.970 0.8819 0.8838
00 272.206 271.270 0.8796 0.8821
00 272.569 271.841 0.7852 0.7862
00 272.262 271.228 0.9072 0.9109
00 272.031 271.127 0.8668 0.8692
00 271.702 270.814 0.8764 0.8791
00 272.189 271.581 0.7834 0.7838
00 272.439 271.432 0.9163 0.9197
00 272.153 271.246 0.8792 0.8815
00 271.630 270.746 0.8693 0.8721
00 272.148 271.559 0.7815 0.7815
00 272.760 271.771 0.9253 0.9290
00 272.357 271.500 0.8974 0.8995
00 271.545 270.698 0.8670 0.8695
00 272.153 271.557 0.7818 0.7819
00 272.978 271.991 0.9276 0.9311
00 272.411 271.607 0.9084 0.9104
00 271.723 270.888 0.8684 0.8705
00 272.882 272.137 0.7812 0.7817
00 272.767 271.804 0.9287 0.9321
00 272.252 271.513 0.9299 0.9311
00 272.850 271.899 0.8738 0.8768
00 272.480 271.810 0.7808 0.7814
00 272.315 271.379 0.9274 0.9302
00 272.145 271.416 0.9311 0.9318
00 272.650 271.748 0.8927 0.8956
00 272.586 271.898 0.7822 0.7828
00 272.377 271.435 0.9258 0.9286
00 271.853 271.143 0.9014 0.9020
00 272.806 271.927 0.9112 0.9137
00 273.087 272.293 0.7803 0.7808
00 272.794 271.825 0.9242 0.9277
00 272.184 271.443 0.8815 0.8820
00 273.164 272.277 0.9200 0.9223
00 273.501 272.611 0.7817 0.7846
00 273.314 272.315 0.9236 0.9269
00 272.808 272.021 0.8563 0.8576
00 273.598 272.668 0.9183 0.9215
00 273.746 272.766 0.7817 0.7850
00 273.453 272.439 0.9196 0.9229
00 273.085 272.221 0.8241 0.8256
00 274.160 273.165 0.9172 0.9205
00 274.302 273.160 0.7815 0.7852
00 273.992 272.954 0.9183 0.9222
00 273.656 272.673 0.8053 0.8089
00 274.600 273.556 0.9151 0.9193
00 274.679 273.418 0.7842 0.7886
00 274.647 273.566 0.9152 0.9197
00 274.400 273.238 0.7875 0.7912
00 271.461 270.603 0.9501 0.9528
00 271.460 270.368 0.8532 0.8570
00 271.460 270.528 0.9353 0.9387
00 271.460 270.498 0.8631 0.8662
00 271.586 270.720 0.9484 0.9511
00 271.637 270.536 0.8398 0.8444
00 271.626 270.701 0.9361 0.9394
00 271.406 270.475 0.8611 0.8637
00 271.998 271.111 0.9447 0.9474
00 271.893 270.799 0.8290 0.8334
00 271.907 270.964 0.9362 0.9395
00 271.615 270.699 0.8631 0.8663
00 271.461 270.597 0.9397 0.9425
00 271.461 270.506 0.8207 0.8236
00 271.495 270.563 0.9350 0.9384
00 271.524 270.677 0.8679 0.8704
00 271.461 270.605 0.9346 0.9372
00 271.460 270.615 0.8012 0.8039
00 271.460 270.507 0.9303 0.9338
00 271.460 270.661 0.8802 0.8823
00 271.461 270.609 0.9284 0.9310
00 271.460 270.744 0.7877 0.7890
00 271.460 270.451 0.9164 0.9198
00 271.460 270.665 0.8826 0.8846
00 271.461 270.621 0.9237 0.9262
00 271.460 270.854 0.7792 0.7793
00 271.460 270.437 0.9078 0.9114
00 271.460 270.656 0.8808 0.8830
00 271.466 270.628 0.9110 0.9134
00 271.510 270.951 0.7752 0.7747
00 271.476 270.444 0.8958 0.8993
00 271.472 270.664 0.8796 0.8818
00 271.644 270.773 0.8881 0.8908
00 271.888 271.292 0.7731 0.7720
00 271.700 270.676 0.8933 0.8975
00 271.750 270.912 0.8766 0.8787
00 272.007 271.089 0.8789 0.8816
00 272.337 271.686 0.7716 0.7724
00 271.952 270.947 0.8991 0.9028
00 272.016 271.142 0.8734 0.8755
00 272.164 271.215 0.8757 0.8784
00 272.433 271.777 0.7707 0.7713
00 272.307 271.286 0.9001 0.9036
00 272.297 271.358 0.8640 0.8663
00 272.095 271.169 0.8764 0.8790
00 272.615 271.934 0.7712 0.7716
00 272.717 271.678 0.9038 0.9080
00 272.430 271.485 0.8771 0.8799
00 272.459 271.521 0.8808 0.8838
00 272.449 271.816 0.7740 0.7743
00 272.845 271.819 0.9102 0.9142
00 272.445 271.580 0.8938 0.8965
00 273.020 272.086 0.8885 0.8912
00 272.636 271.983 0.7738 0.7739
00 272.543 271.570 0.9186 0.9224
00 272.604 271.790 0.9089 0.9109
00 273.052 272.139 0.8877 0.8901
00 272.467 271.866 0.7736 0.7735
00 272.777 271.803 0.9213 0.9249
00 272.692 271.927 0.9311 0.9326
00 272.801 271.903 0.8820 0.8845
00 272.500 271.918 0.7737 0.7733
00 272.786 271.819 0.9227 0.9262
00 272.505 271.748 0.9244 0.9259
00 272.709 271.784 0.8742 0.8772
00 272.837 272.212 0.7726 0.7718
00 273.268 272.274 0.9232 0.9265
00 272.925 272.104 0.8920 0.8936
00 273.324 272.323 0.8811 0.8841
00 273.621 272.848 0.7719 0.7732
00 273.691 272.671 0.9231 0.9271
00 273.000 272.176 0.8746 0.8761
00 273.426 272.434 0.8934 0.8962
00 273.712 272.924 0.7713 0.7726
00 273.541 272.535 0.9223 0.9263
00 273.222 272.380 0.8493 0.8505
00 273.471 272.471 0.8979 0.9010
00 273.979 273.117 0.7704 0.7718
00 273.727 272.711 0.9197 0.9236
00 274.017 273.010 0.8222 0.8253
00 274.396 273.333 0.9014 0.9050
00 274.347 273.400 0.7731 0.7746
00 274.333 273.281 0.9170 0.9207
00 274.663 273.496 0.8051 0.8094
00 271.493 270.651 0.9484 0.9509
00 271.480 270.435 0.8380 0.8412
00 271.493 270.601 0.9350 0.9380
00 271.469 270.491 0.8670 0.8702
00 272.383 271.504 0.9437 0.9463
00 272.283 271.188 0.8246 0.8283
00 271.992 271.061 0.9338 0.9368
00 271.762 270.776 0.8675 0.8711
00 272.255 271.366 0.9364 0.9388
00 271.995 271.033 0.8109 0.8137
00 271.969 271.019 0.9295 0.9327
00 271.687 270.758 0.8665 0.8696
00 271.491 270.641 0.9299 0.9324
00 271.469 270.721 0.7960 0.7976
00 271.480 270.532 0.9221 0.9257
00 271.479 270.618 0.8661 0.8688
00 271.461 270.620 0.9222 0.9247
00 271.460 270.818 0.7818 0.7823
00 271.460 270.502 0.9170 0.9204
00 271.460 270.643 0.8734 0.8757
00 271.461 270.636 0.9177 0.9200
00 271.460 270.904 0.7760 0.7755
00 271.460 270.504 0.9123 0.9156
00 271.460 270.657 0.8803 0.8825
00 271.461 270.643 0.9062 0.9085
00 271.486 270.961 0.7731 0.7722
00 271.464 270.519 0.9086 0.9119
00 271.462 270.659 0.8832 0.8853
00 271.483 270.637 0.8845 0.8870
00 271.688 271.148 0.7718 0.7706
00 271.505 270.578 0.9074 0.9108
00 271.486 270.680 0.8796 0.8817
00 271.730 270.834 0.8789 0.8816
00 271.994 271.412 0.7695 0.7682
00 271.838 270.892 0.9070 0.9102
00 271.876 271.026 0.8753 0.8774
00 272.379 271.404 0.8790 0.8817
00 272.166 271.562 0.7689 0.7690
00 272.201 271.222 0.9072 0.9104
00 272.348 271.420 0.8664 0.8686
00 272.585 271.598 0.8805 0.8843
00 272.300 271.679 0.7700 0.7706
00 272.655 271.644 0.9067 0.9107
00 272.543 271.556 0.8637 0.8675
00 272.529 271.553 0.8795 0.8833
00 272.435 271.796 0.7703 0.7708
00 272.675 271.668 0.9046 0.9086
00 272.697 271.698 0.8752 0.8790
00 272.853 271.886 0.8835 0.8868
00 272.745 272.050 0.7685 0.7687
00 272.675 271.675 0.9039 0.9078
00 272.774 271.860 0.8930 0.8958
00 273.117 272.160 0.8902 0.8931
00 272.793 272.131 0.7724 0.7722
00 272.721 271.730 0.9066 0.9104
00 272.686 271.863 0.9144 0.9164
00 273.495 272.549 0.9009 0.9043
00 273.157 272.463 0.7735 0.7735
00 273.141 272.127 0.9102 0.9137
00 272.944 272.156 0.9275 0.9289
00 273.687 272.760 0.9078 0.9108
00 273.311 272.619 0.7713 0.7725
00 273.461 272.438 0.9136 0.9169
00 273.221 272.391 0.9037 0.9052
00 273.783 272.840 0.9007 0.9037
00 273.781 272.998 0.7697 0.7707
00 273.730 272.698 0.9148 0.9189
00 273.315 272.459 0.8877 0.8893
00 273.898 272.908 0.8892 0.8926
00 274.216 273.344 0.7695 0.7704
00 274.054 273.021 0.9182 0.9220
00 273.532 272.656 0.8727 0.8754
00 274.152 273.109 0.8900 0.8936
00 274.514 273.621 0.7723 0.7750
00 274.236 273.200 0.9186 0.9222
00 273.786 272.888 0.8448 0.8473
00 274.576 273.444 0.8902 0.8942
00 274.563 273.711 0.7740 0.7763
00 274.429 273.392 0.9184 0.9219
00 274.296 273.256 0.8220 0.8249
00 271.461 270.642 0.9528 0.9550
00 271.460 270.415 0.8576 0.8609
00 271.460 270.535 0.9296 0.9330
00 271.460 270.434 0.8786 0.8818
00 271.461 270.647 0.9499 0.9521
00 271.460 270.451 0.8413 0.8443
00 271.460 270.548 0.9303 0.9336
00 271.460 270.463 0.8804 0.8836
00 271.544 270.724 0.9418 0.9441
00 271.506 270.606 0.8196 0.8227
00 271.577 270.643 0.9270 0.9304
00 271.526 270.537 0.8800 0.8838
00 272.722 271.814 0.9301 0.9330
00 272.462 271.522 0.8027 0.8054
00 272.188 271.210 0.9223 0.9257
00 271.964 270.935 0.8773 0.8812
00 271.921 271.049 0.9213 0.9237
00 271.745 271.026 0.7996 0.8002
00 271.794 270.842 0.9195 0.9229
00 271.688 270.714 0.8709 0.8745
00 271.567 270.721 0.9156 0.9180
00 271.461 270.848 0.7885 0.7886
00 271.504 270.597 0.9225 0.9257
00 271.682 270.761 0.8681 0.8712
00 271.461 270.641 0.9138 0.9161
00 271.460 270.934 0.7861 0.7853
00 271.460 270.570 0.9222 0.9252
00 271.460 270.630 0.8749 0.8773
00 271.461 270.649 0.8970 0.8992
00 271.460 270.981 0.7925 0.7912
00 271.460 270.586 0.9215 0.9244
00 271.460 270.664 0.8840 0.8860
00 271.461 270.626 0.8832 0.8857
00 271.460 271.021 0.8011 0.7994
00 271.460 270.594 0.9177 0.9205
00 271.460 270.660 0.8848 0.8869
00 271.463 270.604 0.8854 0.8881
00 271.740 271.268 0.8010 0.7989
00 271.839 270.946 0.9105 0.9132
00 271.596 270.775 0.8726 0.8748
00 271.893 270.997 0.8919 0.8945
00 272.195 271.656 0.7968 0.7966
00 272.043 271.132 0.9058 0.9085
00 272.048 271.153 0.8646 0.8668
00 272.679 271.699 0.8873 0.8909
00 272.112 271.588 0.7934 0.7932
00 272.386 271.445 0.9049 0.9075
00 272.229 271.279 0.8620 0.8645
00 272.854 271.831 0.8773 0.8812
00 272.488 271.882 0.7876 0.7875
00 272.594 271.629 0.9034 0.9069
00 272.474 271.458 0.8672 0.8704
00 272.938 271.901 0.8735 0.8774
00 273.054 272.342 0.7812 0.7809
00 272.756 271.782 0.9047 0.9082
00 272.585 271.554 0.8788 0.8831
00 273.148 272.114 0.8795 0.8831
00 273.176 272.438 0.7729 0.7731
00 272.843 271.862 0.9036 0.9071
00 272.831 271.882 0.8994 0.9025
00 273.644 272.612 0.8936 0.8978
00 273.469 272.693 0.7674 0.7691
00 273.365 272.348 0.9025 0.9058
00 273.278 272.412 0.9184 0.9203
00 273.904 272.922 0.9137 0.9170
00 273.832 273.019 0.7691 0.7703
00 273.712 272.679 0.9026 0.9067
00 273.621 272.769 0.9126 0.9149
00 274.017 273.066 0.9161 0.9190
00 273.732 273.024 0.7702 0.7706
00 273.895 272.861 0.9022 0.9061
00 273.822 272.927 0.8940 0.8964
00 273.901 272.926 0.9120 0.9153
00 273.710 273.142 0.7755 0.7744
00 273.841 272.822 0.9000 0.9038
00 273.461 272.589 0.8819 0.8845
00 274.241 273.123 0.8952 0.8996
00 273.972 273.454 0.7831 0.7816
00 274.147 273.112 0.9004 0.9040
00 273.831 272.925 0.8642 0.8667
00 274.668 273.465 0.8839 0.8887
00 274.632 273.990 0.7870 0.7869
00 274.456 273.408 0.9032 0.9067
00 274.098 273.155 0.8417 0.8441
00 271.461 270.667 0.9544 0.9564
00 271.460 270.450 0.8623 0.8654
00 271.460 270.460 0.9185 0.9219
00 271.460 270.445 0.8911 0.8943
00 271.557 270.705 0.9321 0.9346
00 271.530 270.774 0.8029 0.8044
00 271.824 270.734 0.8846 0.8893
00 271.688 270.657 0.8902 0.8945
00 271.461 270.616 0.8990 0.9015
00 271.460 270.934 0.7883 0.7875
00 271.460 270.511 0.8990 0.9022
00 271.460 270.514 0.8737 0.8768
00 271.461 270.651 0.8933 0.8955
00 271.460 271.034 0.7776 0.7757
00 271.460 270.565 0.9013 0.9044
00 271.460 270.561 0.8656 0.8687
00 271.461 270.608 0.8860 0.8886
00 271.460 271.114 0.7958 0.7930
00 271.460 270.579 0.9031 0.9061
00 271.460 270.639 0.8848 0.8871
00 271.461 270.581 0.8933 0.8962
00 271.461 271.109 0.8028 0.8000
00 271.726 270.848 0.9034 0.9060
00 271.484 270.686 0.8879 0.8899
00 271.607 270.734 0.9094 0.9121
00 272.213 271.723 0.7998 0.7991
00 271.996 271.121 0.9028 0.9051
00 271.911 271.053 0.8786 0.8807
00 272.952 271.999 0.9169 0.9200
00 272.057 271.578 0.7925 0.7917
00 272.056 271.186 0.9016 0.9037
00 272.310 271.383 0.8757 0.8780
00 272.891 271.899 0.8982 0.9017
00 272.488 271.924 0.7823 0.7818
00 272.522 271.612 0.9006 0.9036
00 272.503 271.502 0.8730 0.8764
00 273.055 271.999 0.8777 0.8816
00 273.011 272.359 0.7682 0.7673
00 272.781 271.851 0.9014 0.9045
00 272.696 271.620 0.8802 0.8848
00 273.203 272.129 0.8701 0.8740
00 273.102 272.457 0.7588 0.7584
00 273.004 272.052 0.9025 0.9055
00 273.075 271.983 0.8928 0.8972
00 273.654 272.553 0.8725 0.8773
00 273.561 272.844 0.7614 0.7622
00 273.312 272.334 0.9028 0.9057
00 273.350 272.344 0.9057 0.9089
00 273.951 272.849 0.8816 0.8861
00 273.543 272.877 0.7642 0.7646
00 273.564 272.565 0.9015 0.9054
00 273.269 272.391 0.9098 0.9117
00 274.030 273.012 0.9012 0.9048
00 273.806 273.222 0.7695 0.7683
00 273.784 272.778 0.9007 0.9044
00 273.312 272.458 0.8967 0.8984
00 274.174 273.177 0.9101 0.9133
00 273.812 273.391 0.7828 0.7799
00 274.117 273.099 0.8998 0.9033
00 273.772 272.882 0.8876 0.8900
00 274.357 273.284 0.9011 0.9049
00 273.926 273.530 0.7934 0.7915
00 274.140 273.135 0.8992 0.9025
00 273.859 272.952 0.8760 0.8785
00 274.828 273.629 0.8823 0.8879
00 274.460 273.895 0.7952 0.7946
00 274.408 273.383 0.8970 0.9002
00 274.067 273.122 0.8556 0.8581
00 271.461 270.598 0.8918 0.8946
00 271.460 271.134 0.7630 0.7600
00 271.460 270.563 0.8815 0.8846
00 271.460 270.445 0.8681 0.8712
00 271.461 270.564 0.8992 0.9023
00 271.460 271.228 0.7764 0.7724
00 271.460 270.587 0.8858 0.8887
00 271.460 270.482 0.8594 0.8625
00 271.461 270.569 0.9059 0.9090
00 271.460 271.193 0.7846 0.7809
00 271.734 270.873 0.8922 0.8946
00 271.464 270.577 0.8745 0.8775
00 272.029 271.127 0.9165 0.9191
00 271.910 271.539 0.7792 0.7773
00 272.177 271.298 0.8951 0.8972
00 272.079 271.203 0.8915 0.8936
00 272.981 272.036 0.9207 0.9237
00 272.360 271.887 0.7663 0.7652
00 272.363 271.481 0.8975 0.8998
00 272.261 271.361 0.8901 0.8922
00 273.020 272.050 0.9153 0.9185
00 272.807 272.226 0.7471 0.7459
00 272.622 271.733 0.8978 0.9005
00 272.469 271.528 0.8917 0.8949
00 273.227 272.175 0.8901 0.8938
00 273.235 272.592 0.7448 0.7454
00 273.066 272.149 0.8975 0.9001
00 272.998 272.003 0.8998 0.9032
00 273.573 272.472 0.8747 0.8787
00 273.596 272.924 0.7496 0.7499
00 273.357 272.422 0.8985 0.9009
00 273.249 272.223 0.9077 0.9113
00 273.810 272.686 0.8652 0.8700
00 273.702 273.066 0.7561 0.7557
00 273.410 272.471 0.8990 0.9016
00 273.372 272.341 0.9112 0.9147
00 273.873 272.747 0.8664 0.8711
00 273.530 272.982 0.7603 0.7595
00 273.455 272.509 0.8986 0.9017
00 273.431 272.441 0.9006 0.9035
00 273.842 272.742 0.8761 0.8806
00 273.599 273.153 0.7674 0.7653
00 273.640 272.684 0.8992 0.9025
00 274.023 273.069 0.8944 0.8973
00 274.375 273.237 0.8805 0.8848
00 274.031 273.641 0.7844 0.7829
00 274.236 273.229 0.8981 0.9013
00 274.461 273.478 0.8870 0.8899
00 274.575 273.436 0.8815 0.8855
00 274.230 273.849 0.7978 0.7958
00 274.518 273.480 0.8968 0.9004
00 274.311 273.333 0.8775 0.8801
00 274.778 273.623 0.8798 0.8850
00 274.441 273.971 0.7999 0.7983
00 274.446 273.404 0.8931 0.8964
00 274.370 273.382 0.8717 0.8743
00 274.370 273.382 0.8717 0.8743
