00 271.461 270.302 0.8879 0.8927
00 271.460 270.252 0.9126 0.9181
00 271.460 270.464 0.9571 0.9608
00 271.460 270.436 0.9535 0.9575
00 271.461 270.400 0.8732 0.8768
00 271.460 270.380 0.9112 0.9154
00 271.460 270.464 0.9565 0.9602
00 271.460 270.489 0.9573 0.9609
00 271.461 270.430 0.8622 0.8654
00 271.460 270.458 0.9233 0.9267
00 271.460 270.442 0.9546 0.9586
00 271.460 270.505 0.9596 0.9631
00 271.461 270.475 0.8534 0.8564
00 271.460 270.472 0.9263 0.9297
00 271.460 270.431 0.9537 0.9577
00 271.460 270.513 0.9609 0.9645
00 271.461 270.535 0.8438 0.8469
00 271.460 270.449 0.9229 0.9264
00 271.460 270.442 0.9544 0.9583
00 271.460 270.529 0.9620 0.9654
00 271.461 270.558 0.8364 0.8394
00 271.460 270.396 0.9122 0.9162
00 271.460 270.420 0.9519 0.9560
00 271.460 270.531 0.9620 0.9654
00 271.461 270.516 0.8220 0.8249
00 271.460 270.335 0.9005 0.9051
00 271.460 270.424 0.9514 0.9555
00 271.460 270.534 0.9618 0.9652
00 271.461 270.522 0.8104 0.8133
00 271.460 270.316 0.8935 0.8982
00 271.460 270.452 0.9532 0.9570
00 271.460 270.534 0.9615 0.9649
00 271.461 270.565 0.8047 0.8076
00 271.460 270.316 0.8890 0.8936
00 271.460 270.488 0.9557 0.9592
00 271.460 270.534 0.9612 0.9645
00 271.461 270.609 0.8016 0.8043
00 271.460 270.331 0.8846 0.8890
00 271.460 270.492 0.9549 0.9585
00 271.460 270.537 0.9609 0.9643
00 271.461 270.641 0.7971 0.7995
00 271.654 270.532 0.8799 0.8849
00 271.460 270.512 0.9561 0.9596
00 271.460 270.537 0.9603 0.9637
00 271.461 270.663 0.7906 0.7927
00 271.637 270.567 0.8755 0.8803
00 271.460 270.520 0.9564 0.9600
00 271.460 270.546 0.9603 0.9636
00 271.461 270.753 0.7874 0.7886
00 271.460 270.496 0.8772 0.8804
00 271.460 270.520 0.9561 0.9596
00 271.460 270.558 0.9606 0.9637
00 271.461 270.918 0.7977 0.7971
00 271.460 270.584 0.8829 0.8858
00 271.460 270.521 0.9557 0.9592
00 271.460 270.574 0.9610 0.9640
00 271.461 271.051 0.8130 0.8109
00 271.460 270.643 0.8857 0.8879
00 271.460 270.522 0.9552 0.9587
00 271.460 270.588 0.9613 0.9641
00 271.461 271.130 0.8245 0.8216
00 271.460 270.686 0.8870 0.8888
00 271.460 270.526 0.9546 0.9581
00 271.460 270.594 0.9610 0.9637
00 271.461 271.170 0.8259 0.8225
00 271.461 270.677 0.8827 0.8846
00 271.460 270.533 0.9538 0.9572
00 271.460 270.601 0.9605 0.9631
00 271.567 271.263 0.8250 0.8215
00 271.697 270.882 0.8746 0.8765
00 271.460 270.536 0.9525 0.9559
00 271.460 270.607 0.9595 0.9621
00 271.461 270.290 0.8900 0.8949
00 271.460 270.292 0.9234 0.9287
00 271.460 270.490 0.9597 0.9633
00 271.460 270.332 0.9409 0.9459
00 271.461 270.356 0.8687 0.8727
00 271.460 270.408 0.9211 0.9250
00 271.460 270.453 0.9558 0.9596
00 271.460 270.410 0.9504 0.9547
00 271.461 270.413 0.8625 0.8658
00 271.460 270.496 0.9345 0.9379
00 271.460 270.456 0.9556 0.9594
00 271.460 270.489 0.9578 0.9613
00 271.461 270.471 0.8552 0.8582
00 271.460 270.506 0.9353 0.9387
00 271.460 270.461 0.9561 0.9599
00 271.460 270.502 0.9596 0.9631
00 271.461 270.534 0.8445 0.8475
00 271.460 270.494 0.9336 0.9370
00 271.460 270.451 0.9550 0.9588
00 271.460 270.523 0.9613 0.9648
00 271.461 270.570 0.8383 0.8413
00 271.460 270.466 0.9294 0.9328
00 271.460 270.450 0.9547 0.9585
00 271.460 270.534 0.9619 0.9653
00 271.461 270.544 0.8250 0.8280
00 271.460 270.395 0.9154 0.9195
00 271.460 270.451 0.9543 0.9581
00 271.460 270.538 0.9619 0.9653
00 271.461 270.522 0.8112 0.8141
00 271.460 270.323 0.8990 0.9036
00 271.460 270.451 0.9534 0.9572
00 271.460 270.541 0.9618 0.9651
00 271.461 270.556 0.8043 0.8071
00 271.460 270.303 0.8905 0.8953
00 271.460 270.464 0.9534 0.9571
00 271.460 270.543 0.9615 0.9648
00 271.461 270.607 0.8000 0.8027
00 271.460 270.311 0.8836 0.8883
00 271.460 270.499 0.9561 0.9597
00 271.460 270.549 0.9614 0.9646
00 271.461 270.638 0.7956 0.7980
00 271.460 270.340 0.8735 0.8778
00 271.460 270.514 0.9568 0.9603
00 271.460 270.551 0.9610 0.9642
00 271.461 270.663 0.7882 0.7904
00 271.460 270.399 0.8632 0.8667
00 271.460 270.521 0.9569 0.9604
00 271.460 270.563 0.9612 0.9643
00 271.461 270.705 0.7815 0.7832
00 271.460 270.480 0.8600 0.8631
00 271.460 270.521 0.9565 0.9600
00 271.460 270.577 0.9616 0.9645
00 271.461 270.811 0.7835 0.7840
00 271.460 270.584 0.8651 0.8680
00 271.460 270.533 0.9565 0.9599
00 271.460 270.591 0.9618 0.9646
00 271.461 270.970 0.7942 0.7930
00 271.460 270.688 0.8768 0.8786
00 271.460 270.544 0.9562 0.9595
00 271.460 270.599 0.9616 0.9643
00 271.461 271.106 0.8124 0.8097
00 271.460 270.748 0.8838 0.8849
00 271.460 270.541 0.9547 0.9580
00 271.460 270.603 0.9608 0.9635
00 271.470 271.174 0.8257 0.8224
00 271.688 270.974 0.8898 0.8907
00 271.460 270.523 0.9500 0.9535
00 271.460 270.608 0.9597 0.9623
00 271.966 271.616 0.8309 0.8290
00 272.165 271.358 0.8875 0.8888
00 271.460 270.517 0.9464 0.9499
00 271.460 270.609 0.9582 0.9608
00 271.461 270.282 0.8942 0.8993
00 271.460 270.314 0.9289 0.9340
00 271.460 270.501 0.9612 0.9647
00 271.460 270.312 0.9282 0.9332
00 271.461 270.334 0.8694 0.8736
00 271.460 270.421 0.9295 0.9334
00 271.460 270.449 0.9564 0.9603
00 271.460 270.307 0.9386 0.9438
00 271.461 270.398 0.8633 0.8668
00 271.460 270.509 0.9391 0.9425
00 271.460 270.420 0.9528 0.9569
00 271.460 270.432 0.9522 0.9562
00 271.461 270.451 0.8557 0.8588
00 271.460 270.517 0.9398 0.9432
00 271.460 270.458 0.9556 0.9594
00 271.460 270.486 0.9575 0.9610
00 271.461 270.526 0.8484 0.8515
00 271.460 270.512 0.9386 0.9420
00 271.460 270.474 0.9568 0.9604
00 271.460 270.512 0.9604 0.9639
00 271.461 270.566 0.8400 0.8430
00 271.460 270.498 0.9360 0.9394
00 271.460 270.466 0.9557 0.9593
00 271.460 270.531 0.9616 0.9650
00 271.461 270.571 0.8277 0.8306
00 271.460 270.465 0.9302 0.9336
00 271.460 270.456 0.9544 0.9581
00 271.460 270.540 0.9620 0.9653
00 271.461 270.535 0.8134 0.8163
00 271.460 270.383 0.9129 0.9171
00 271.460 270.470 0.9550 0.9586
00 271.460 270.546 0.9620 0.9652
00 271.461 270.535 0.8033 0.8062
00 271.460 270.309 0.8938 0.8985
00 271.460 270.496 0.9566 0.9602
00 271.460 270.551 0.9619 0.9651
00 271.461 270.580 0.8025 0.8054
00 271.460 270.308 0.8829 0.8876
00 271.460 270.507 0.9570 0.9605
00 271.460 270.563 0.9621 0.9652
00 271.461 270.630 0.8011 0.8036
00 271.460 270.344 0.8687 0.8728
00 271.460 270.512 0.9568 0.9604
00 271.460 270.567 0.9618 0.9649
00 271.461 270.666 0.7932 0.7953
00 271.460 270.444 0.8535 0.8565
00 271.460 270.511 0.9561 0.9597
00 271.460 270.577 0.9619 0.9648
00 271.461 270.704 0.7820 0.7837
00 271.460 270.559 0.8413 0.8443
00 271.460 270.496 0.9536 0.9572
00 271.460 270.590 0.9621 0.9649
00 271.461 270.745 0.7764 0.7777
00 271.460 270.612 0.8355 0.8381
00 271.460 270.451 0.9467 0.9505
00 271.460 270.600 0.9620 0.9647
00 271.461 270.846 0.7764 0.7766
00 271.460 270.672 0.8433 0.8453
00 271.460 270.384 0.9372 0.9416
00 271.460 270.607 0.9617 0.9642
00 271.462 271.002 0.7845 0.7829
00 271.461 270.775 0.8672 0.8681
00 271.460 270.367 0.9321 0.9367
00 271.460 270.612 0.9606 0.9632
00 271.506 271.203 0.8020 0.7986
00 271.729 271.059 0.8835 0.8838
00 271.460 270.369 0.9284 0.9329
00 271.460 270.612 0.9591 0.9616
00 271.776 271.513 0.8180 0.8148
00 271.952 271.242 0.8909 0.8914
00 271.460 270.389 0.9265 0.9307
00 271.460 270.611 0.9573 0.9598
00 271.461 270.230 0.8924 0.8981
00 271.460 270.318 0.9310 0.9361
00 271.460 270.504 0.9615 0.9651
00 271.460 270.374 0.9280 0.9324
00 271.461 270.310 0.8723 0.8768
00 271.460 270.440 0.9369 0.9406
00 271.460 270.450 0.9570 0.9609
00 271.460 270.300 0.9339 0.9392
00 271.461 270.367 0.8679 0.8718
00 271.460 270.506 0.9410 0.9444
00 271.460 270.408 0.9520 0.9563
00 271.460 270.370 0.9456 0.9502
00 271.461 270.427 0.8587 0.8619
00 271.460 270.508 0.9411 0.9446
00 271.460 270.460 0.9558 0.9595
00 271.460 270.476 0.9560 0.9595
00 271.461 270.506 0.8512 0.8543
00 271.460 270.507 0.9401 0.9435
00 271.460 270.468 0.9561 0.9598
00 271.460 270.506 0.9596 0.9632
00 271.461 270.562 0.8422 0.8453
00 271.460 270.504 0.9388 0.9423
00 271.460 270.484 0.9572 0.9607
00 271.460 270.525 0.9610 0.9644
00 271.461 270.588 0.8340 0.8369
00 271.460 270.495 0.9362 0.9397
00 271.460 270.496 0.9577 0.9612
00 271.460 270.539 0.9617 0.9651
00 271.461 270.566 0.8178 0.8207
00 271.460 270.458 0.9289 0.9324
00 271.460 270.504 0.9577 0.9613
00 271.460 270.552 0.9622 0.9654
00 271.461 270.528 0.8073 0.8102
00 271.460 270.351 0.9032 0.9075
00 271.460 270.504 0.9570 0.9605
00 271.460 270.559 0.9623 0.9654
00 271.461 270.545 0.8010 0.8039
00 271.460 270.307 0.8857 0.8904
00 271.460 270.493 0.9555 0.9591
00 271.460 270.569 0.9624 0.9654
00 271.461 270.589 0.8032 0.8060
00 271.460 270.334 0.8711 0.8753
00 271.460 270.410 0.9459 0.9501
00 271.460 270.578 0.9624 0.9653
00 271.461 270.644 0.8064 0.8087
00 271.460 270.437 0.8566 0.8596
00 271.460 270.331 0.9360 0.9409
00 271.460 270.586 0.9623 0.9651
00 271.461 270.692 0.7979 0.7997
00 271.460 270.558 0.8461 0.8491
00 271.460 270.302 0.9299 0.9352
00 271.460 270.596 0.9622 0.9649
00 271.461 270.745 0.7783 0.7796
00 271.460 270.635 0.8382 0.8406
00 271.460 270.320 0.9283 0.9333
00 271.460 270.607 0.9619 0.9645
00 271.461 270.775 0.7749 0.7759
00 271.460 270.652 0.8317 0.8339
00 271.460 270.364 0.9278 0.9323
00 271.460 270.613 0.9612 0.9638
00 271.461 270.860 0.7721 0.7721
00 271.462 270.705 0.8320 0.8337
00 271.460 270.404 0.9268 0.9308
00 271.460 270.614 0.9599 0.9624
00 271.652 271.145 0.7739 0.7724
00 272.019 271.272 0.8536 0.8542
00 271.461 270.425 0.9227 0.9265
00 271.460 270.608 0.9576 0.9602
00 272.515 272.008 0.7852 0.7841
00 272.316 271.583 0.8769 0.8783
00 271.739 270.682 0.9152 0.9198
00 271.742 270.859 0.9539 0.9567
00 271.462 270.218 0.9090 0.9150
00 271.469 270.388 0.9449 0.9494
00 271.462 270.486 0.9606 0.9642
00 271.461 270.402 0.9321 0.9363
00 271.461 270.237 0.8957 0.9013
00 271.460 270.364 0.9379 0.9425
00 271.460 270.462 0.9586 0.9623
00 271.441 270.387 0.9253 0.9293
00 271.461 270.291 0.8820 0.8868
00 271.460 270.448 0.9415 0.9453
00 271.460 270.409 0.9528 0.9571
00 271.460 270.320 0.9329 0.9379
00 271.461 270.333 0.8767 0.8811
00 271.460 270.498 0.9425 0.9459
00 271.460 270.413 0.9520 0.9562
00 271.460 270.330 0.9408 0.9458
00 271.461 270.384 0.8667 0.8703
00 271.460 270.505 0.9423 0.9458
00 271.460 270.465 0.9563 0.9600
00 271.460 270.454 0.9536 0.9573
00 271.461 270.461 0.8546 0.8576
00 271.460 270.505 0.9409 0.9444
00 271.460 270.479 0.9573 0.9608
00 271.460 270.499 0.9585 0.9620
00 271.461 270.558 0.8518 0.8549
00 271.460 270.505 0.9398 0.9433
00 271.460 270.473 0.9560 0.9596
00 271.460 270.517 0.9601 0.9637
00 271.461 270.619 0.8455 0.8481
00 271.460 270.505 0.9389 0.9423
00 271.460 270.491 0.9569 0.9605
00 271.460 270.538 0.9614 0.9647
00 271.461 270.616 0.8341 0.8367
00 271.460 270.496 0.9359 0.9393
00 271.460 270.459 0.9530 0.9567
00 271.460 270.553 0.9620 0.9652
00 271.461 270.556 0.8148 0.8177
00 271.460 270.444 0.9253 0.9289
00 271.460 270.384 0.9444 0.9489
00 271.460 270.562 0.9622 0.9653
00 271.461 270.526 0.8053 0.8082
00 271.460 270.331 0.8945 0.8990
00 271.460 270.314 0.9355 0.9407
00 271.460 270.571 0.9623 0.9653
00 271.461 270.549 0.8021 0.8049
00 271.460 270.316 0.8766 0.8811
00 271.460 270.289 0.9302 0.9356
00 271.460 270.579 0.9622 0.9651
00 271.461 270.588 0.8078 0.8107
00 271.460 270.385 0.8637 0.8674
00 271.460 270.303 0.9281 0.9333
00 271.460 270.588 0.9620 0.9648
00 271.461 270.644 0.8122 0.8145
00 271.460 270.488 0.8515 0.8546
00 271.460 270.371 0.9314 0.9358
00 271.460 270.598 0.9617 0.9644
00 271.461 270.716 0.8058 0.8073
00 271.460 270.575 0.8415 0.8445
00 271.460 270.471 0.9399 0.9433
00 271.460 270.604 0.9610 0.9636
00 271.461 270.760 0.7802 0.7813
00 271.460 270.651 0.8340 0.8362
00 271.460 270.525 0.9406 0.9440
00 271.460 270.610 0.9599 0.9625
00 271.517 270.835 0.7741 0.7748
00 271.869 271.057 0.8276 0.8291
00 271.460 270.548 0.9353 0.9386
00 271.460 270.606 0.9577 0.9604
00 272.090 271.343 0.7706 0.7706
00 272.128 271.329 0.8253 0.8261
00 271.470 270.586 0.9387 0.9416
00 271.625 270.737 0.9538 0.9567
00 272.036 271.392 0.7686 0.7677
00 272.292 271.518 0.8376 0.8389
00 271.971 271.083 0.9397 0.9424
00 272.160 271.121 0.9392 0.9433
00 271.461 270.215 0.9219 0.9280
00 271.460 270.394 0.9514 0.9559
00 271.460 270.500 0.9619 0.9655
00 271.460 270.388 0.9361 0.9405
00 271.461 270.207 0.9077 0.9137
00 271.460 270.375 0.9459 0.9504
00 271.460 270.480 0.9598 0.9633
00 271.460 270.397 0.9320 0.9362
00 271.461 270.236 0.8951 0.9007
00 271.460 270.384 0.9424 0.9468
00 271.460 270.422 0.9544 0.9585
00 271.460 270.370 0.9252 0.9296
00 271.461 270.281 0.8860 0.8910
00 271.460 270.436 0.9425 0.9464
00 271.460 270.433 0.9545 0.9585
00 271.460 270.317 0.9334 0.9385
00 271.461 270.312 0.8827 0.8873
00 271.460 270.490 0.9442 0.9477
00 271.460 270.439 0.9544 0.9584
00 271.460 270.321 0.9399 0.9450
00 271.461 270.349 0.8754 0.8796
00 271.460 270.505 0.9443 0.9478
00 271.460 270.444 0.9546 0.9585
00 271.460 270.448 0.9527 0.9565
00 271.461 270.420 0.8643 0.8675
00 271.460 270.507 0.9427 0.9462
00 271.460 270.432 0.9528 0.9568
00 271.460 270.497 0.9578 0.9613
00 271.461 270.514 0.8555 0.8586
00 271.460 270.504 0.9409 0.9443
00 271.460 270.426 0.9514 0.9555
00 271.460 270.512 0.9594 0.9629
00 271.461 270.598 0.8535 0.8563
00 271.460 270.505 0.9399 0.9433
00 271.460 270.330 0.9417 0.9467
00 271.460 270.531 0.9605 0.9639
00 271.461 270.649 0.8503 0.8525
00 271.460 270.505 0.9387 0.9421
00 271.460 270.301 0.9365 0.9418
00 271.460 270.548 0.9613 0.9645
00 271.461 270.625 0.8375 0.8400
00 271.460 270.493 0.9342 0.9376
00 271.460 270.287 0.9319 0.9374
00 271.460 270.559 0.9616 0.9647
00 271.461 270.546 0.8157 0.8186
00 271.460 270.432 0.9199 0.9236
00 271.460 270.275 0.9270 0.9325
00 271.460 270.569 0.9617 0.9647
00 271.461 270.521 0.8069 0.8097
00 271.460 270.335 0.8884 0.8928
00 271.460 270.323 0.9285 0.9335
00 271.460 270.580 0.9618 0.9646
00 271.461 270.542 0.8054 0.8083
00 271.460 270.338 0.8711 0.8753
00 271.460 270.463 0.9433 0.9469
00 271.460 270.590 0.9616 0.9643
00 271.461 270.584 0.8110 0.8139
00 271.460 270.402 0.8587 0.8621
00 271.460 270.519 0.9466 0.9501
00 271.460 270.600 0.9611 0.9638
00 271.461 270.654 0.8242 0.8264
00 271.460 270.505 0.8468 0.8498
00 271.460 270.552 0.9463 0.9495
00 271.460 270.604 0.9599 0.9625
00 271.461 270.736 0.8202 0.8215
00 271.475 270.637 0.8426 0.8451
00 271.460 270.579 0.9461 0.9490
00 271.461 270.602 0.9577 0.9604
00 271.461 270.787 0.7915 0.7923
00 271.897 271.098 0.8408 0.8421
00 271.473 270.605 0.9460 0.9487
00 271.609 270.706 0.9526 0.9557
00 271.808 271.075 0.7796 0.7802
00 272.063 271.282 0.8379 0.8387
00 271.815 270.947 0.9463 0.9489
00 271.990 270.891 0.9314 0.9362
00 272.318 271.495 0.7731 0.7746
00 272.267 271.471 0.8352 0.8364
00 272.403 271.514 0.9453 0.9481
00 272.115 270.829 0.8953 0.9019
00 271.461 270.249 0.9265 0.9323
00 271.460 270.467 0.9577 0.9614
00 271.460 270.489 0.9625 0.9661
00 271.460 270.353 0.9312 0.9358
00 271.461 270.231 0.9174 0.9232
00 271.460 270.416 0.9523 0.9565
00 271.460 270.475 0.9607 0.9644
00 271.460 270.420 0.9413 0.9454
00 271.461 270.236 0.9063 0.9120
00 271.460 270.390 0.9477 0.9521
00 271.460 270.451 0.9581 0.9620
00 271.460 270.339 0.9327 0.9375
00 271.461 270.255 0.8929 0.8982
00 271.460 270.395 0.9440 0.9483
00 271.460 270.395 0.9524 0.9568
00 271.460 270.324 0.9324 0.9374
00 271.461 270.294 0.8868 0.8917
00 271.460 270.420 0.9414 0.9454
00 271.460 270.406 0.9527 0.9570
00 271.460 270.328 0.9378 0.9428
00 271.461 270.326 0.8850 0.8895
00 271.460 270.475 0.9440 0.9475
00 271.460 270.422 0.9535 0.9576
00 271.460 270.343 0.9421 0.9470
00 271.461 270.340 0.8790 0.8832
00 271.460 270.497 0.9454 0.9489
00 271.460 270.418 0.9526 0.9568
00 271.460 270.464 0.9538 0.9575
00 271.461 270.367 0.8705 0.8744
00 271.460 270.499 0.9439 0.9474
00 271.460 270.388 0.9492 0.9537
00 271.460 270.502 0.9578 0.9613
00 271.461 270.429 0.8614 0.8646
00 271.460 270.497 0.9417 0.9452
00 271.460 270.289 0.9392 0.9446
00 271.460 270.513 0.9590 0.9625
00 271.461 270.509 0.8568 0.8599
00 271.460 270.500 0.9407 0.9442
00 271.460 270.281 0.9366 0.9421
00 271.460 270.522 0.9596 0.9631
00 271.461 270.581 0.8532 0.8562
00 271.460 270.504 0.9399 0.9434
00 271.460 270.279 0.9325 0.9380
00 271.460 270.541 0.9604 0.9637
00 271.461 270.621 0.8489 0.8514
00 271.460 270.508 0.9382 0.9416
00 271.460 270.284 0.9272 0.9326
00 271.460 270.558 0.9609 0.9640
00 271.461 270.602 0.8372 0.8399
00 271.460 270.498 0.9328 0.9362
00 271.460 270.338 0.9301 0.9349
00 271.460 270.570 0.9611 0.9641
00 271.461 270.536 0.8192 0.8221
00 271.460 270.431 0.9143 0.9180
00 271.460 270.470 0.9452 0.9487
00 271.460 270.583 0.9610 0.9639
00 271.461 270.504 0.8092 0.8121
00 271.460 270.346 0.8832 0.8874
00 271.460 270.519 0.9486 0.9521
00 271.460 270.594 0.9608 0.9635
00 271.461 270.527 0.8081 0.8109
00 271.460 270.358 0.8666 0.8705
00 271.460 270.544 0.9499 0.9531
00 271.460 270.600 0.9599 0.9626
00 271.461 270.570 0.8133 0.8161
00 271.461 270.410 0.8519 0.8552
00 271.460 270.562 0.9493 0.9523
00 271.460 270.592 0.9577 0.9605
00 271.461 270.640 0.8329 0.8352
00 271.865 270.845 0.8412 0.8449
00 271.460 270.582 0.9488 0.9517
00 271.461 270.530 0.9504 0.9538
00 271.461 270.717 0.8429 0.8444
00 271.885 270.972 0.8366 0.8392
00 271.470 270.613 0.9496 0.9522
00 271.878 270.711 0.9220 0.9277
00 271.854 271.109 0.8247 0.8254
00 272.120 271.278 0.8422 0.8436
00 271.899 271.036 0.9490 0.9515
00 272.227 270.919 0.8915 0.8981
00 272.241 271.454 0.7984 0.7993
00 272.149 271.352 0.8478 0.8487
00 271.888 271.031 0.9478 0.9502
00 272.049 270.791 0.8676 0.8738
00 271.461 270.243 0.9157 0.9214
00 271.460 270.473 0.9561 0.9597
00 271.460 270.478 0.9610 0.9645
00 271.460 270.441 0.9453 0.9492
00 271.461 270.250 0.9050 0.9105
00 271.460 270.412 0.9491 0.9533
00 271.460 270.396 0.9543 0.9587
00 271.460 270.365 0.9390 0.9437
00 271.461 270.276 0.8939 0.8991
00 271.460 270.410 0.9450 0.9492
00 271.460 270.393 0.9529 0.9573
00 271.460 270.309 0.9350 0.9402
00 271.461 270.329 0.8911 0.8957
00 271.460 270.417 0.9417 0.9457
00 271.460 270.397 0.9526 0.9570
00 271.460 270.327 0.9391 0.9441
00 271.461 270.386 0.8932 0.8971
00 271.460 270.448 0.9417 0.9454
00 271.460 270.400 0.9522 0.9565
00 271.460 270.382 0.9456 0.9501
00 271.461 270.418 0.8938 0.8974
00 271.460 270.478 0.9438 0.9473
00 271.460 270.380 0.9497 0.9543
00 271.460 270.474 0.9546 0.9582
00 271.461 270.430 0.8917 0.8951
00 271.460 270.487 0.9435 0.9470
00 271.460 270.292 0.9413 0.9468
00 271.460 270.501 0.9574 0.9609
00 271.461 270.439 0.8858 0.8891
00 271.460 270.486 0.9416 0.9451
00 271.460 270.278 0.9384 0.9439
00 271.460 270.505 0.9578 0.9613
00 271.461 270.468 0.8799 0.8830
00 271.460 270.491 0.9408 0.9442
00 271.460 270.283 0.9371 0.9426
00 271.460 270.524 0.9592 0.9627
00 271.461 270.507 0.8699 0.8730
00 271.460 270.500 0.9406 0.9441
00 271.460 270.269 0.9316 0.9372
00 271.460 270.541 0.9597 0.9630
00 271.461 270.559 0.8631 0.8662
00 271.460 270.503 0.9394 0.9429
00 271.460 270.290 0.9302 0.9356
00 271.460 270.560 0.9602 0.9633
00 271.461 270.585 0.8560 0.8589
00 271.460 270.514 0.9373 0.9407
00 271.460 270.405 0.9413 0.9455
00 271.460 270.575 0.9602 0.9631
00 271.461 270.575 0.8402 0.8432
00 271.460 270.511 0.9310 0.9344
00 271.460 270.501 0.9504 0.9539
00 271.460 270.586 0.9599 0.9627
00 271.461 270.533 0.8227 0.8256
00 271.460 270.454 0.9129 0.9163
00 271.460 270.541 0.9528 0.9561
00 271.460 270.591 0.9589 0.9617
00 271.461 270.488 0.8112 0.8140
00 271.460 270.366 0.8818 0.8858
00 271.460 270.555 0.9516 0.9548
00 271.460 270.575 0.9560 0.9590
00 271.461 270.505 0.8106 0.8134
00 271.461 270.379 0.8641 0.8678
00 271.460 270.565 0.9495 0.9525
00 271.460 270.479 0.9456 0.9491
00 271.461 270.546 0.8135 0.8163
00 271.651 270.609 0.8529 0.8573
00 271.460 270.580 0.9491 0.9519
00 271.572 270.350 0.9098 0.9154
00 271.467 270.620 0.8309 0.8335
00 271.932 270.911 0.8394 0.8430
00 271.524 270.661 0.9499 0.9526
00 271.924 270.653 0.8884 0.8950
00 271.795 270.980 0.8546 0.8563
00 272.242 271.254 0.8327 0.8354
00 272.013 271.145 0.9495 0.9519
00 272.230 271.002 0.8655 0.8711
00 271.902 271.129 0.8576 0.8587
00 271.985 271.103 0.8317 0.8337
00 272.134 271.263 0.9474 0.9498
00 272.611 271.569 0.8422 0.8465
00 271.461 270.280 0.9273 0.9327
00 271.460 270.547 0.9623 0.9655
00 271.460 270.463 0.9609 0.9646
00 271.460 270.311 0.9268 0.9319
00 271.461 270.249 0.9153 0.9210
00 271.460 270.524 0.9595 0.9630
00 271.460 270.478 0.9611 0.9647
00 271.460 270.426 0.9439 0.9479
00 271.461 270.270 0.9070 0.9123
00 271.460 270.484 0.9548 0.9584
00 271.460 270.450 0.9591 0.9630
00 271.460 270.388 0.9419 0.9463
00 271.461 270.304 0.8981 0.9030
00 271.460 270.436 0.9479 0.9518
00 271.460 270.353 0.9502 0.9551
00 271.460 270.320 0.9374 0.9425
00 271.461 270.357 0.8975 0.9017
00 271.460 270.433 0.9430 0.9469
00 271.460 270.390 0.9521 0.9566
00 271.460 270.325 0.9399 0.9450
00 271.461 270.413 0.8988 0.9025
00 271.460 270.440 0.9422 0.9460
00 271.460 270.408 0.9529 0.9572
00 271.460 270.392 0.9468 0.9512
00 271.461 270.470 0.9012 0.9045
00 271.460 270.459 0.9413 0.9449
00 271.460 270.371 0.9490 0.9537
00 271.460 270.463 0.9537 0.9574
00 271.461 270.509 0.9015 0.9048
00 271.460 270.471 0.9416 0.9451
00 271.460 270.320 0.9436 0.9487
00 271.460 270.493 0.9563 0.9598
00 271.461 270.530 0.9005 0.9038
00 271.460 270.476 0.9409 0.9444
00 271.460 270.296 0.9402 0.9456
00 271.460 270.514 0.9578 0.9614
00 271.461 270.531 0.8983 0.9016
00 271.460 270.480 0.9405 0.9440
00 271.460 270.301 0.9387 0.9440
00 271.460 270.534 0.9587 0.9621
00 271.461 270.539 0.8946 0.8978
00 271.460 270.492 0.9409 0.9443
00 271.460 270.299 0.9362 0.9415
00 271.460 270.548 0.9588 0.9620
00 271.461 270.559 0.8881 0.8912
00 271.460 270.496 0.9403 0.9438
00 271.460 270.365 0.9399 0.9445
00 271.460 270.563 0.9587 0.9618
00 271.461 270.578 0.8783 0.8812
00 271.460 270.506 0.9389 0.9424
00 271.460 270.478 0.9503 0.9538
00 271.460 270.578 0.9585 0.9614
00 271.461 270.582 0.8673 0.8702
00 271.460 270.530 0.9362 0.9396
00 271.460 270.508 0.9520 0.9555
00 271.460 270.585 0.9575 0.9603
00 271.461 270.563 0.8499 0.8530
00 271.460 270.539 0.9308 0.9341
00 271.460 270.514 0.9505 0.9541
00 271.460 270.544 0.9524 0.9557
00 271.461 270.518 0.8285 0.8314
00 271.460 270.499 0.9187 0.9220
00 271.460 270.522 0.9478 0.9513
00 271.460 270.396 0.9355 0.9397
00 271.461 270.479 0.8151 0.8180
00 271.460 270.411 0.8898 0.8933
00 271.460 270.549 0.9482 0.9514
00 271.460 270.229 0.9026 0.9083
00 271.461 270.486 0.8099 0.8128
00 271.665 270.579 0.8676 0.8724
00 271.460 270.575 0.9489 0.9518
00 271.460 270.261 0.8831 0.8883
00 271.629 270.651 0.8100 0.8137
00 271.799 270.736 0.8529 0.8573
00 271.461 270.600 0.9501 0.9528
00 271.547 270.477 0.8609 0.8648
00 272.151 271.156 0.8210 0.8239
00 272.201 271.143 0.8395 0.8431
00 271.738 270.873 0.9492 0.9518
00 271.963 271.088 0.8255 0.8275
00 272.282 271.347 0.8411 0.8432
00 272.324 271.310 0.8289 0.8316
00 272.224 271.329 0.9459 0.9484
00 272.298 271.515 0.8172 0.8186
00 271.461 270.312 0.9309 0.9360
00 271.460 270.550 0.9627 0.9659
00 271.460 270.341 0.9522 0.9572
00 271.460 270.313 0.9229 0.9279
00 271.461 270.325 0.9038 0.9085
00 271.460 270.517 0.9557 0.9593
00 271.460 270.406 0.9552 0.9595
00 271.460 270.429 0.9469 0.9509
00 271.461 270.480 0.9076 0.9109
00 271.460 270.490 0.9424 0.9459
00 271.460 270.385 0.9501 0.9546
00 271.460 270.401 0.9475 0.9518
00 271.461 270.492 0.8997 0.9030
00 271.460 270.474 0.9411 0.9446
00 271.460 270.384 0.9484 0.9529
00 271.460 270.489 0.9544 0.9580
00 271.461 270.567 0.9031 0.9061
00 271.460 270.470 0.9406 0.9441
00 271.460 270.372 0.9462 0.9508
00 271.460 270.507 0.9552 0.9588
00 271.461 270.611 0.9057 0.9083
00 271.460 270.470 0.9399 0.9434
00 271.460 270.373 0.9450 0.9496
00 271.460 270.530 0.9563 0.9597
00 271.461 270.622 0.9065 0.9090
00 271.460 270.476 0.9398 0.9433
00 271.460 270.393 0.9459 0.9503
00 271.460 270.552 0.9568 0.9600
00 271.461 270.617 0.9057 0.9082
00 271.460 270.489 0.9405 0.9439
00 271.460 270.440 0.9495 0.9534
00 271.460 270.576 0.9569 0.9598
00 271.461 270.609 0.9041 0.9068
00 271.460 270.496 0.9399 0.9433
00 271.460 270.476 0.9515 0.9550
00 271.460 270.580 0.9555 0.9583
00 271.461 270.615 0.8998 0.9023
00 271.460 270.519 0.9382 0.9416
00 271.460 270.495 0.9517 0.9552
00 271.460 270.491 0.9457 0.9492
00 271.461 270.619 0.8902 0.8927
00 271.460 270.556 0.9357 0.9389
00 271.460 270.501 0.9500 0.9535
00 271.460 270.276 0.9152 0.9205
00 271.461 270.609 0.8767 0.8794
00 271.460 270.572 0.9329 0.9359
00 271.460 270.512 0.9479 0.9514
00 271.460 270.246 0.8946 0.9000
00 271.461 270.551 0.8544 0.8574
00 271.574 270.660 0.9260 0.9292
00 271.460 270.546 0.9483 0.9515
00 271.461 270.326 0.8757 0.8801
00 271.461 270.492 0.8304 0.8334
00 271.889 270.883 0.9051 0.9090
00 271.479 270.588 0.9492 0.9522
00 271.532 270.555 0.8431 0.8468
00 271.829 270.789 0.8153 0.8193
00 272.081 270.985 0.8763 0.8808
00 272.152 271.260 0.9508 0.9534
00 272.356 271.418 0.8282 0.8301
00 272.313 271.202 0.8097 0.8134
00 272.698 271.529 0.8576 0.8628
00 272.520 271.600 0.9472 0.9504
00 272.618 271.699 0.8179 0.8210
00 272.540 271.416 0.8100 0.8135
00 272.547 271.443 0.8439 0.8476
00 272.438 271.493 0.9419 0.9450
00 272.656 271.775 0.8133 0.8159
00 271.461 270.477 0.9052 0.9086
00 271.460 270.467 0.9404 0.9439
00 271.460 270.489 0.9563 0.9598
00 271.460 270.483 0.9506 0.9541
00 271.461 270.545 0.9075 0.9108
00 271.460 270.483 0.9413 0.9448
00 271.460 270.469 0.9542 0.9579
00 271.460 270.525 0.9537 0.9572
00 271.461 270.591 0.9082 0.9111
00 271.460 270.478 0.9402 0.9437
00 271.460 270.455 0.9526 0.9564
00 271.460 270.563 0.9558 0.9589
00 271.461 270.632 0.9076 0.9100
00 271.460 270.472 0.9391 0.9426
00 271.460 270.464 0.9525 0.9561
00 271.460 270.561 0.9538 0.9569
00 271.461 270.662 0.9074 0.9094
00 271.460 270.476 0.9391 0.9425
00 271.460 270.484 0.9528 0.9564
00 271.460 270.516 0.9472 0.9507
00 271.461 270.673 0.9085 0.9104
00 271.460 270.488 0.9406 0.9440
00 271.460 270.493 0.9525 0.9561
00 271.460 270.352 0.9242 0.9288
00 271.461 270.667 0.9090 0.9110
00 271.460 270.497 0.9394 0.9429
00 271.460 270.497 0.9518 0.9553
00 271.460 270.261 0.9022 0.9076
00 271.461 270.655 0.9072 0.9094
00 271.460 270.528 0.9371 0.9405
00 271.460 270.508 0.9510 0.9545
00 271.460 270.312 0.8826 0.8873
00 271.461 270.649 0.9053 0.9075
00 271.460 270.572 0.9358 0.9388
00 271.460 270.517 0.9496 0.9532
00 271.460 270.418 0.8599 0.8632
00 271.461 270.643 0.9007 0.9029
00 271.484 270.622 0.9350 0.9377
00 271.460 270.547 0.9507 0.9540
00 271.491 270.565 0.8382 0.8415
00 271.461 270.627 0.8913 0.8937
00 271.947 271.058 0.9309 0.9335
00 271.470 270.581 0.9513 0.9543
00 272.241 271.287 0.8309 0.8333
00 272.249 271.269 0.8761 0.8790
00 272.716 271.736 0.9191 0.9227
00 272.317 271.384 0.9483 0.9512
00 272.454 271.518 0.8258 0.8286
00 272.845 271.716 0.8545 0.8594
00 272.794 271.720 0.8925 0.8970
00 272.639 271.634 0.9373 0.9413
00 272.611 271.698 0.8174 0.8203
00 272.911 271.721 0.8302 0.8356
00 273.098 271.927 0.8668 0.8719
00 272.888 271.874 0.9344 0.9384
00 272.711 271.845 0.8215 0.8238
00 271.460 270.261 0.9417 0.9475
00 271.460 270.460 0.9519 0.9556
00 271.460 270.505 0.9605 0.9641
00 271.460 270.439 0.9529 0.9568
00 271.460 270.315 0.9437 0.9489
00 271.460 270.342 0.9376 0.9424
00 271.460 270.468 0.9578 0.9614
00 271.460 270.333 0.9407 0.9457
00 271.460 270.268 0.9374 0.9431
00 271.460 270.275 0.9257 0.9312
00 271.460 270.364 0.9484 0.9531
00 271.460 270.274 0.9319 0.9375
00 271.460 270.186 0.9244 0.9308
00 271.460 270.283 0.9182 0.9235
00 271.460 270.320 0.9457 0.9508
00 271.460 270.274 0.9290 0.9345
00 271.460 270.165 0.9097 0.9162
00 271.460 270.321 0.9162 0.9210
00 271.460 270.428 0.9555 0.9596
00 271.460 270.288 0.9274 0.9328
00 271.460 270.189 0.8997 0.9058
00 271.460 270.325 0.9123 0.9171
00 271.460 270.453 0.9582 0.9620
00 271.460 270.299 0.9279 0.9331
00 271.460 270.226 0.8859 0.8915
00 271.460 270.340 0.9041 0.9086
00 271.460 270.460 0.9586 0.9624
00 271.460 270.305 0.9303 0.9355
00 271.460 270.309 0.8719 0.8764
00 271.460 270.370 0.8971 0.9012
00 271.460 270.471 0.9590 0.9626
00 271.460 270.305 0.9323 0.9376
00 271.460 270.395 0.8590 0.8625
00 271.460 270.368 0.9067 0.9109
00 271.460 270.470 0.9585 0.9621
00 271.460 270.290 0.9321 0.9374
00 271.460 270.473 0.8492 0.8522
00 271.460 270.393 0.9158 0.9198
00 271.460 270.459 0.9569 0.9607
00 271.460 270.276 0.9335 0.9390
00 271.460 270.523 0.8440 0.8470
00 271.460 270.408 0.9200 0.9239
00 271.460 270.469 0.9575 0.9612
00 271.460 270.296 0.9382 0.9436
00 271.460 270.554 0.8416 0.8445
00 271.460 270.410 0.9265 0.9305
00 271.460 270.446 0.9547 0.9586
00 271.460 270.364 0.9456 0.9503
00 271.460 270.573 0.8380 0.8410
00 271.460 270.350 0.9230 0.9276
00 271.460 270.460 0.9554 0.9591
00 271.460 270.426 0.9506 0.9547
00 271.460 270.609 0.8369 0.8395
00 271.460 270.333 0.9232 0.9280
00 271.460 270.459 0.9554 0.9592
00 271.460 270.449 0.9524 0.9562
00 271.460 270.636 0.8333 0.8357
00 271.460 270.365 0.9257 0.9301
00 271.460 270.466 0.9564 0.9600
00 271.460 270.465 0.9544 0.9581
00 272.066 271.184 0.8298 0.8317
00 271.675 270.584 0.9263 0.9313
00 271.460 270.474 0.9568 0.9604
00 271.461 270.456 0.9536 0.9574
00 272.528 271.622 0.8304 0.8334
00 271.980 270.860 0.9224 0.9274
00 271.641 270.655 0.9569 0.9609
00 271.782 270.757 0.9522 0.9564
00 272.928 271.998 0.8303 0.8328
00 272.605 271.460 0.9217 0.9265
00 272.516 271.507 0.9565 0.9605
00 272.269 271.238 0.9522 0.9563
00 271.460 270.309 0.9448 0.9501
00 271.460 270.448 0.9511 0.9549
00 271.460 270.501 0.9605 0.9640
00 271.460 270.438 0.9523 0.9563
00 271.460 270.330 0.9443 0.9494
00 271.460 270.298 0.9314 0.9366
00 271.460 270.489 0.9591 0.9627
00 271.460 270.347 0.9410 0.9458
00 271.460 270.302 0.9405 0.9459
00 271.460 270.300 0.9240 0.9291
00 271.460 270.442 0.9557 0.9596
00 271.460 270.286 0.9301 0.9355
00 271.460 270.238 0.9308 0.9368
00 271.460 270.334 0.9204 0.9251
00 271.460 270.331 0.9452 0.9503
00 271.460 270.273 0.9229 0.9283
00 271.460 270.179 0.9145 0.9209
00 271.460 270.326 0.9163 0.9211
00 271.460 270.358 0.9482 0.9529
00 271.460 270.295 0.9192 0.9243
00 271.460 270.167 0.9019 0.9083
00 271.460 270.317 0.9103 0.9151
00 271.460 270.425 0.9545 0.9586
00 271.460 270.339 0.9213 0.9260
00 271.460 270.196 0.8903 0.8963
00 271.460 270.347 0.9033 0.9077
00 271.460 270.445 0.9567 0.9606
00 271.460 270.317 0.9209 0.9259
00 271.460 270.268 0.8784 0.8834
00 271.460 270.349 0.8982 0.9026
00 271.460 270.449 0.9569 0.9607
00 271.460 270.300 0.9256 0.9308
00 271.460 270.340 0.8653 0.8694
00 271.460 270.335 0.9144 0.9191
00 271.460 270.452 0.9566 0.9605
00 271.460 270.301 0.9303 0.9355
00 271.460 270.430 0.8540 0.8571
00 271.460 270.388 0.9235 0.9277
00 271.460 270.446 0.9554 0.9593
00 271.460 270.289 0.9316 0.9370
00 271.460 270.499 0.8469 0.8499
00 271.460 270.481 0.9361 0.9395
00 271.460 270.439 0.9542 0.9581
00 271.460 270.283 0.9342 0.9396
00 271.460 270.530 0.8419 0.8449
00 271.460 270.486 0.9386 0.9420
00 271.460 270.429 0.9523 0.9563
00 271.460 270.339 0.9415 0.9464
00 271.460 270.552 0.8386 0.8416
00 271.460 270.436 0.9322 0.9359
00 271.460 270.445 0.9527 0.9566
00 271.460 270.383 0.9459 0.9504
00 271.460 270.584 0.8364 0.8393
00 271.460 270.403 0.9300 0.9341
00 271.460 270.457 0.9534 0.9572
00 271.460 270.425 0.9494 0.9535
00 271.600 270.744 0.8338 0.8363
00 271.564 270.467 0.9271 0.9315
00 271.460 270.443 0.9519 0.9558
00 271.460 270.448 0.9521 0.9559
00 272.568 271.612 0.8313 0.8348
00 272.574 271.377 0.9207 0.9260
00 271.476 270.446 0.9509 0.9549
00 271.799 270.778 0.9523 0.9566
00 272.931 271.961 0.8294 0.8324
00 272.945 271.734 0.9185 0.9244
00 272.579 271.524 0.9522 0.9568
00 272.972 271.915 0.9521 0.9565
00 272.665 271.773 0.8282 0.8308
00 273.014 271.846 0.9221 0.9275
00 272.753 271.731 0.9555 0.9596
00 273.066 271.919 0.9421 0.9474
00 271.460 270.356 0.9478 0.9526
00 271.460 270.361 0.9415 0.9461
00 271.460 270.479 0.9591 0.9626
00 271.460 270.449 0.9518 0.9556
00 271.460 270.357 0.9460 0.9508
00 271.460 270.281 0.9270 0.9324
00 271.460 270.491 0.9595 0.9631
00 271.460 270.364 0.9388 0.9435
00 271.460 270.336 0.9431 0.9481
00 271.460 270.326 0.9237 0.9286
00 271.460 270.479 0.9584 0.9620
00 271.460 270.319 0.9272 0.9322
00 271.460 270.278 0.9351 0.9406
00 271.460 270.347 0.9198 0.9244
00 271.460 270.408 0.9521 0.9563
00 271.460 270.312 0.9215 0.9265
00 271.460 270.236 0.9235 0.9293
00 271.460 270.322 0.9109 0.9157
00 271.460 270.321 0.9440 0.9492
00 271.460 270.313 0.9194 0.9244
00 271.460 270.181 0.9078 0.9141
00 271.460 270.342 0.9056 0.9102
00 271.460 270.352 0.9469 0.9517
00 271.460 270.314 0.9189 0.9239
00 271.460 270.176 0.8961 0.9024
00 271.460 270.377 0.9038 0.9079
00 271.460 270.397 0.9512 0.9555
00 271.460 270.344 0.9217 0.9264
00 271.460 270.224 0.8847 0.8903
00 271.460 270.299 0.9048 0.9098
00 271.460 270.425 0.9539 0.9580
00 271.460 270.344 0.9220 0.9267
00 271.460 270.287 0.8733 0.8781
00 271.460 270.302 0.9191 0.9242
00 271.460 270.422 0.9535 0.9576
00 271.460 270.302 0.9236 0.9287
00 271.460 270.353 0.8607 0.8647
00 271.460 270.364 0.9272 0.9317
00 271.460 270.416 0.9525 0.9567
00 271.460 270.297 0.9293 0.9345
00 271.460 270.440 0.8483 0.8513
00 271.460 270.470 0.9393 0.9427
00 271.460 270.406 0.9508 0.9551
00 271.460 270.283 0.9317 0.9372
00 271.460 270.502 0.8434 0.8464
00 271.460 270.487 0.9420 0.9455
00 271.460 270.395 0.9489 0.9533
00 271.460 270.308 0.9367 0.9419
00 271.460 270.522 0.8393 0.8423
00 271.460 270.433 0.9342 0.9380
00 271.460 270.410 0.9491 0.9533
00 271.460 270.373 0.9439 0.9485
00 271.460 270.543 0.8374 0.8404
00 271.460 270.354 0.9238 0.9284
00 271.460 270.416 0.9483 0.9524
00 271.460 270.415 0.9475 0.9517
00 271.463 270.590 0.8362 0.8391
00 271.487 270.337 0.9178 0.9228
00 271.460 270.426 0.9481 0.9521
00 271.460 270.429 0.9489 0.9529
00 271.924 271.046 0.8340 0.8360
00 271.948 270.769 0.9147 0.9204
00 271.461 270.383 0.9431 0.9475
00 271.791 270.758 0.9501 0.9545
00 272.478 271.566 0.8319 0.8350
00 272.641 271.471 0.9201 0.9252
00 272.012 270.878 0.9402 0.9455
00 272.225 271.171 0.9487 0.9530
00 272.455 271.585 0.8296 0.8324
00 272.784 271.651 0.9269 0.9322
00 272.558 271.447 0.9441 0.9488
00 272.954 271.788 0.9387 0.9443
00 271.460 270.385 0.9500 0.9545
00 271.460 270.268 0.9314 0.9370
00 271.460 270.452 0.9570 0.9609
00 271.460 270.412 0.9460 0.9502
00 271.460 270.384 0.9487 0.9532
00 271.460 270.257 0.9242 0.9298
00 271.460 270.467 0.9579 0.9616
00 271.460 270.325 0.9292 0.9341
00 271.460 270.360 0.9450 0.9497
00 271.460 270.332 0.9230 0.9278
00 271.460 270.480 0.9587 0.9622
00 271.460 270.323 0.9237 0.9286
00 271.460 270.295 0.9363 0.9416
00 271.460 270.342 0.9149 0.9195
00 271.460 270.477 0.9583 0.9618
00 271.460 270.323 0.9220 0.9269
00 271.460 270.342 0.9358 0.9406
00 271.460 270.362 0.9050 0.9093
00 271.460 270.444 0.9558 0.9597
00 271.460 270.318 0.9213 0.9262
00 271.460 270.247 0.9200 0.9257
00 271.460 270.386 0.9039 0.9079
00 271.460 270.404 0.9513 0.9556
00 271.460 270.317 0.9206 0.9256
00 271.460 270.183 0.9039 0.9102
00 271.460 270.322 0.8974 0.9021
00 271.460 270.391 0.9499 0.9543
00 271.460 270.322 0.9209 0.9258
00 271.460 270.196 0.8937 0.8997
00 271.460 270.252 0.9117 0.9172
00 271.460 270.382 0.9490 0.9535
00 271.460 270.346 0.9223 0.9270
00 271.460 270.236 0.8820 0.8875
00 271.460 270.317 0.9251 0.9301
00 271.460 270.389 0.9494 0.9539
00 271.460 270.346 0.9224 0.9270
00 271.460 270.286 0.8721 0.8769
00 271.460 270.429 0.9374 0.9413
00 271.460 270.380 0.9484 0.9529
00 271.460 270.312 0.9252 0.9302
00 271.460 270.344 0.8591 0.8631
00 271.460 270.404 0.9295 0.9336
00 271.460 270.372 0.9472 0.9518
00 271.460 270.300 0.9306 0.9358
00 271.460 270.424 0.8460 0.8491
00 271.460 270.386 0.9250 0.9293
00 271.460 270.349 0.9443 0.9491
00 271.460 270.296 0.9336 0.9389
00 271.460 270.489 0.8407 0.8437
00 271.460 270.374 0.9233 0.9276
00 271.460 270.345 0.9428 0.9477
00 271.460 270.367 0.9420 0.9466
00 271.460 270.514 0.8378 0.8408
00 271.482 270.389 0.9234 0.9278
00 271.460 270.363 0.9432 0.9478
00 271.460 270.409 0.9462 0.9504
00 271.603 270.666 0.8348 0.8381
00 271.746 270.626 0.9216 0.9268
00 271.644 270.572 0.9449 0.9497
00 271.480 270.450 0.9477 0.9517
00 272.142 271.189 0.8349 0.8374
00 272.149 271.022 0.9210 0.9260
00 272.375 271.287 0.9448 0.9494
00 272.163 271.117 0.9489 0.9531
00 272.618 271.652 0.8337 0.8373
00 272.525 271.411 0.9237 0.9282
00 272.872 271.764 0.9432 0.9482
00 273.145 272.023 0.9440 0.9489
00 273.042 272.061 0.8309 0.8338
00 272.978 271.850 0.9248 0.9298
00 273.413 272.315 0.9450 0.9495
00 273.883 272.677 0.9377 0.9436
00 271.460 270.431 0.9549 0.9590
00 271.460 270.445 0.9513 0.9551
00 271.460 270.440 0.9560 0.9599
00 271.460 270.437 0.9513 0.9552
00 271.460 270.420 0.9529 0.9570
00 271.460 270.230 0.9280 0.9340
00 271.460 270.444 0.9553 0.9592
00 271.460 270.311 0.9315 0.9367
00 271.460 270.422 0.9529 0.9570
00 271.460 270.235 0.9225 0.9284
00 271.460 270.440 0.9551 0.9590
00 271.460 270.305 0.9250 0.9301
00 271.460 270.395 0.9489 0.9533
00 271.460 270.327 0.9216 0.9264
00 271.460 270.451 0.9563 0.9601
00 271.460 270.308 0.9228 0.9278
00 271.460 270.300 0.9365 0.9418
00 271.460 270.362 0.9107 0.9151
00 271.460 270.468 0.9577 0.9613
00 271.460 270.309 0.9220 0.9271
00 271.460 270.377 0.9389 0.9434
00 271.460 270.361 0.9023 0.9065
00 271.460 270.475 0.9582 0.9618
00 271.460 270.306 0.9206 0.9257
00 271.460 270.396 0.9397 0.9440
00 271.460 270.340 0.9009 0.9054
00 271.460 270.471 0.9577 0.9613
00 271.460 270.300 0.9183 0.9235
00 271.460 270.245 0.9177 0.9235
00 271.460 270.273 0.9089 0.9142
00 271.460 270.459 0.9566 0.9604
00 271.460 270.314 0.9192 0.9241
00 271.460 270.198 0.9031 0.9092
00 271.460 270.284 0.9201 0.9255
00 271.460 270.440 0.9547 0.9586
00 271.460 270.342 0.9214 0.9261
00 271.460 270.209 0.8950 0.9008
00 271.460 270.363 0.9299 0.9344
00 271.460 270.409 0.9509 0.9551
00 271.460 270.367 0.9232 0.9276
00 271.460 270.233 0.8847 0.8902
00 271.460 270.379 0.9300 0.9343
00 271.460 270.382 0.9479 0.9524
00 271.460 270.340 0.9229 0.9276
00 271.460 270.273 0.8732 0.8781
00 271.460 270.369 0.9273 0.9317
00 271.460 270.372 0.9466 0.9512
00 271.460 270.310 0.9281 0.9332
00 271.460 270.336 0.8608 0.8650
00 271.460 270.421 0.9324 0.9363
00 271.460 270.373 0.9461 0.9507
00 271.460 270.309 0.9330 0.9382
00 271.460 270.411 0.8484 0.8516
00 271.460 270.428 0.9288 0.9326
00 271.460 270.362 0.9442 0.9489
00 271.460 270.370 0.9412 0.9457
00 271.468 270.487 0.8395 0.8425
00 271.484 270.428 0.9211 0.9251
00 271.460 270.358 0.9428 0.9476
00 271.461 270.326 0.9347 0.9397
00 271.865 270.875 0.8369 0.8403
00 271.878 270.815 0.9253 0.9298
00 271.466 270.354 0.9408 0.9456
00 271.829 270.700 0.9357 0.9410
00 272.624 271.547 0.8331 0.8374
00 272.472 271.410 0.9302 0.9342
00 272.331 271.194 0.9399 0.9450
00 272.256 271.136 0.9387 0.9436
00 273.193 272.059 0.8298 0.8340
00 273.537 272.419 0.9283 0.9327
00 273.379 272.226 0.9401 0.9452
00 272.995 271.859 0.9400 0.9452
00 273.394 272.276 0.8276 0.8313
00 273.686 272.564 0.9276 0.9326
00 274.042 272.936 0.9449 0.9496
00 273.826 272.682 0.9419 0.9472
00 271.460 270.364 0.9522 0.9570
00 271.460 270.424 0.9547 0.9588
00 271.460 270.359 0.9478 0.9525
00 271.460 270.385 0.9491 0.9536
00 271.460 270.435 0.9550 0.9590
00 271.460 270.318 0.9396 0.9448
00 271.460 270.420 0.9517 0.9559
00 271.460 270.314 0.9353 0.9404
00 271.460 270.462 0.9565 0.9602
00 271.460 270.221 0.9278 0.9338
00 271.460 270.439 0.9533 0.9573
00 271.460 270.300 0.9286 0.9339
00 271.460 270.456 0.9553 0.9591
00 271.460 270.231 0.9229 0.9288
00 271.460 270.424 0.9514 0.9555
00 271.460 270.301 0.9258 0.9310
00 271.460 270.431 0.9525 0.9565
00 271.460 270.323 0.9184 0.9233
00 271.460 270.414 0.9508 0.9550
00 271.460 270.305 0.9237 0.9288
00 271.460 270.302 0.9366 0.9419
00 271.460 270.365 0.9114 0.9157
00 271.460 270.425 0.9528 0.9569
00 271.460 270.309 0.9226 0.9277
00 271.460 270.342 0.9346 0.9394
00 271.460 270.332 0.9089 0.9135
00 271.460 270.439 0.9547 0.9587
00 271.460 270.303 0.9194 0.9245
00 271.460 270.446 0.9443 0.9481
00 271.460 270.283 0.9111 0.9163
00 271.460 270.450 0.9559 0.9598
00 271.460 270.312 0.9182 0.9231
00 271.460 270.417 0.9414 0.9455
00 271.460 270.274 0.9176 0.9230
00 271.460 270.454 0.9563 0.9601
00 271.460 270.337 0.9193 0.9240
00 271.460 270.280 0.9207 0.9260
00 271.460 270.316 0.9247 0.9297
00 271.460 270.454 0.9562 0.9600
00 271.460 270.346 0.9180 0.9226
00 271.460 270.234 0.9078 0.9136
00 271.460 270.337 0.9267 0.9315
00 271.460 270.451 0.9559 0.9598
00 271.460 270.365 0.9191 0.9235
00 271.460 270.230 0.9004 0.9061
00 271.460 270.358 0.9285 0.9331
00 271.460 270.452 0.9557 0.9596
00 271.460 270.361 0.9208 0.9253
00 271.460 270.230 0.8891 0.8947
00 271.460 270.424 0.9372 0.9411
00 271.460 270.452 0.9552 0.9590
00 271.460 270.321 0.9254 0.9304
00 271.460 270.266 0.8779 0.8830
00 271.460 270.472 0.9426 0.9461
00 271.460 270.442 0.9535 0.9574
00 271.460 270.312 0.9313 0.9364
00 271.460 270.323 0.8666 0.8709
00 271.460 270.490 0.9419 0.9453
00 271.460 270.423 0.9506 0.9547
00 271.460 270.353 0.9380 0.9427
00 271.460 270.392 0.8545 0.8579
00 271.479 270.512 0.9385 0.9421
00 271.460 270.413 0.9487 0.9529
00 271.466 270.330 0.9329 0.9379
00 271.543 270.530 0.8411 0.8448
00 271.839 270.847 0.9349 0.9387
00 271.530 270.482 0.9477 0.9520
00 271.833 270.740 0.9387 0.9436
00 272.260 271.203 0.8351 0.8385
00 272.393 271.375 0.9334 0.9371
00 272.278 271.141 0.9389 0.9440
00 272.634 271.503 0.9373 0.9423
00 273.119 271.980 0.8329 0.8374
00 273.417 272.321 0.9238 0.9280
00 273.192 272.077 0.9422 0.9470
00 273.344 272.206 0.9394 0.9444
00 272.977 271.881 0.8303 0.8346
00 273.691 272.580 0.9234 0.9284
00 273.636 272.580 0.9483 0.9527
00 273.235 272.115 0.9399 0.9448
00 271.460 270.439 0.9594 0.9634
00 271.460 270.474 0.9585 0.9621
00 271.460 270.411 0.9543 0.9586
00 271.460 270.442 0.9551 0.9590
00 271.460 270.374 0.9519 0.9566
00 271.460 270.485 0.9562 0.9597
00 271.460 270.391 0.9483 0.9527
00 271.460 270.355 0.9422 0.9469
00 271.460 270.445 0.9565 0.9604
00 271.460 270.352 0.9416 0.9463
00 271.460 270.438 0.9526 0.9566
00 271.460 270.319 0.9330 0.9381
00 271.460 270.476 0.9577 0.9613
00 271.460 270.223 0.9273 0.9334
00 271.460 270.441 0.9534 0.9573
00 271.460 270.322 0.9296 0.9346
00 271.460 270.475 0.9566 0.9602
00 271.460 270.238 0.9233 0.9292
00 271.460 270.434 0.9525 0.9565
00 271.460 270.314 0.9249 0.9299
00 271.460 270.453 0.9536 0.9573
00 271.460 270.321 0.9181 0.9230
00 271.460 270.410 0.9495 0.9537
00 271.460 270.316 0.9240 0.9290
00 271.460 270.319 0.9378 0.9429
00 271.460 270.360 0.9169 0.9214
00 271.460 270.384 0.9468 0.9513
00 271.460 270.324 0.9227 0.9276
00 271.460 270.336 0.9339 0.9388
00 271.460 270.333 0.9184 0.9232
00 271.460 270.344 0.9434 0.9482
00 271.460 270.323 0.9197 0.9246
00 271.460 270.419 0.9397 0.9437
00 271.460 270.295 0.9188 0.9239
00 271.460 270.311 0.9405 0.9457
00 271.460 270.341 0.9179 0.9225
00 271.460 270.475 0.9472 0.9507
00 271.460 270.295 0.9218 0.9270
00 271.460 270.300 0.9392 0.9446
00 271.460 270.361 0.9142 0.9186
00 271.460 270.459 0.9460 0.9497
00 271.460 270.310 0.9241 0.9291
00 271.460 270.293 0.9388 0.9442
00 271.460 270.373 0.9129 0.9171
00 271.460 270.369 0.9322 0.9367
00 271.460 270.331 0.9264 0.9313
00 271.460 270.294 0.9395 0.9449
00 271.460 270.370 0.9138 0.9181
00 271.460 270.295 0.9174 0.9226
00 271.460 270.386 0.9333 0.9377
00 271.460 270.300 0.9409 0.9462
00 271.460 270.373 0.9182 0.9225
00 271.460 270.268 0.9080 0.9134
00 271.460 270.442 0.9405 0.9443
00 271.460 270.344 0.9454 0.9503
00 271.460 270.331 0.9237 0.9286
00 271.460 270.240 0.8961 0.9016
00 271.460 270.478 0.9434 0.9469
00 271.460 270.391 0.9498 0.9543
00 271.460 270.319 0.9305 0.9355
00 271.460 270.250 0.8833 0.8886
00 271.460 270.503 0.9437 0.9472
00 271.460 270.429 0.9530 0.9570
00 271.460 270.364 0.9385 0.9431
00 271.460 270.302 0.8729 0.8775
00 271.615 270.662 0.9433 0.9468
00 271.607 270.599 0.9548 0.9590
00 271.529 270.460 0.9417 0.9460
00 271.460 270.360 0.8643 0.8682
00 271.873 270.903 0.9413 0.9449
00 271.951 270.927 0.9527 0.9569
00 272.158 271.036 0.9352 0.9402
00 271.901 270.799 0.8502 0.8548
00 271.989 271.008 0.9390 0.9426
00 271.945 270.877 0.9449 0.9495
00 272.049 271.026 0.9464 0.9505
00 272.607 271.476 0.8405 0.8447
00 273.010 271.988 0.9377 0.9416
00 272.714 271.639 0.9448 0.9495
00 272.529 271.456 0.9411 0.9453
00 272.749 271.648 0.8335 0.8382
00 272.962 271.938 0.9317 0.9356
00 272.978 271.944 0.9483 0.9524
00 273.057 271.930 0.9357 0.9407
00 271.460 270.387 0.9531 0.9576
00 271.460 270.483 0.9558 0.9593
00 271.460 270.393 0.9495 0.9539
00 271.460 270.389 0.9433 0.9477
00 271.460 270.455 0.9577 0.9615
00 271.460 270.324 0.9385 0.9435
00 271.460 270.414 0.9511 0.9552
00 271.460 270.360 0.9358 0.9404
00 271.460 270.478 0.9580 0.9616
00 271.460 270.225 0.9259 0.9320
00 271.460 270.411 0.9519 0.9561
00 271.460 270.333 0.9275 0.9323
00 271.460 270.488 0.9576 0.9612
00 271.460 270.247 0.9254 0.9311
00 271.460 270.402 0.9513 0.9556
00 271.460 270.339 0.9262 0.9310
00 271.460 270.464 0.9546 0.9583
00 271.460 270.304 0.9201 0.9252
00 271.460 270.373 0.9481 0.9527
00 271.460 270.360 0.9276 0.9322
00 271.460 270.358 0.9415 0.9462
00 271.460 270.345 0.9192 0.9238
00 271.460 270.336 0.9441 0.9491
00 271.460 270.347 0.9236 0.9283
00 271.460 270.328 0.9329 0.9379
00 271.460 270.331 0.9212 0.9260
00 271.460 270.298 0.9404 0.9458
00 271.460 270.339 0.9200 0.9247
00 271.460 270.397 0.9366 0.9409
00 271.460 270.313 0.9216 0.9266
00 271.460 270.295 0.9398 0.9452
00 271.460 270.354 0.9147 0.9192
00 271.460 270.427 0.9394 0.9433
00 271.460 270.314 0.9231 0.9282
00 271.460 270.292 0.9390 0.9444
00 271.460 270.384 0.9085 0.9126
00 271.460 270.494 0.9485 0.9520
00 271.460 270.327 0.9250 0.9299
00 271.460 270.284 0.9374 0.9429
00 271.460 270.400 0.9066 0.9105
00 271.460 270.501 0.9498 0.9533
00 271.460 270.351 0.9275 0.9322
00 271.460 270.274 0.9355 0.9410
00 271.460 270.383 0.9092 0.9133
00 271.460 270.476 0.9464 0.9499
00 271.460 270.404 0.9340 0.9381
00 271.460 270.264 0.9341 0.9397
00 271.460 270.377 0.9158 0.9200
00 271.460 270.409 0.9354 0.9394
00 271.460 270.455 0.9397 0.9433
00 271.460 270.267 0.9343 0.9399
00 271.460 270.334 0.9234 0.9282
00 271.460 270.325 0.9185 0.9233
00 271.460 270.500 0.9434 0.9469
00 271.460 270.274 0.9359 0.9415
00 271.460 270.330 0.9308 0.9357
00 271.460 270.290 0.9069 0.9120
00 271.607 270.665 0.9453 0.9488
00 271.644 270.451 0.9373 0.9428
00 271.464 270.355 0.9354 0.9401
00 271.470 270.294 0.8959 0.9009
00 272.029 271.070 0.9458 0.9491
00 272.035 270.881 0.9426 0.9480
00 271.942 270.844 0.9383 0.9432
00 271.843 270.634 0.8812 0.8871
00 272.090 271.124 0.9460 0.9494
00 272.097 271.031 0.9498 0.9543
00 272.170 271.106 0.9419 0.9463
00 271.999 270.796 0.8697 0.8754
00 272.084 271.115 0.9437 0.9471
00 272.108 270.997 0.9417 0.9467
00 272.100 271.055 0.9414 0.9456
00 272.236 271.051 0.8615 0.8665
00 272.398 271.419 0.9427 0.9460
00 272.675 271.569 0.9419 0.9469
00 272.680 271.576 0.9351 0.9401
00 272.613 271.414 0.8518 0.8563
00 272.864 271.880 0.9435 0.9471
00 273.157 272.081 0.9452 0.9496
00 273.354 272.217 0.9337 0.9385
00 271.460 270.447 0.9594 0.9633
00 271.460 270.460 0.9580 0.9618
00 271.460 270.381 0.9513 0.9559
00 271.460 270.462 0.9542 0.9579
00 271.460 270.416 0.9558 0.9600
00 271.460 270.488 0.9559 0.9595
00 271.460 270.371 0.9469 0.9515
00 271.460 270.402 0.9446 0.9489
00 271.460 270.457 0.9583 0.9621
00 271.460 270.346 0.9399 0.9448
00 271.460 270.339 0.9424 0.9474
00 271.460 270.398 0.9387 0.9429
00 271.460 270.465 0.9579 0.9616
00 271.460 270.242 0.9271 0.9329
00 271.460 270.314 0.9405 0.9457
00 271.460 270.410 0.9359 0.9400
00 271.460 270.473 0.9573 0.9609
00 271.460 270.252 0.9287 0.9344
00 271.460 270.305 0.9408 0.9461
00 271.460 270.421 0.9368 0.9408
00 271.460 270.459 0.9546 0.9583
00 271.460 270.280 0.9247 0.9301
00 271.460 270.298 0.9400 0.9453
00 271.460 270.378 0.9304 0.9348
00 271.460 270.374 0.9433 0.9479
00 271.460 270.311 0.9183 0.9232
00 271.460 270.319 0.9423 0.9474
00 271.460 270.362 0.9259 0.9304
00 271.460 270.320 0.9326 0.9377
00 271.460 270.334 0.9230 0.9278
00 271.460 270.339 0.9446 0.9495
00 271.460 270.345 0.9213 0.9260
00 271.460 270.346 0.9307 0.9354
00 271.460 270.326 0.9241 0.9290
00 271.460 270.339 0.9448 0.9498
00 271.460 270.354 0.9145 0.9190
00 271.460 270.388 0.9340 0.9383
00 271.460 270.348 0.9269 0.9315
00 271.460 270.329 0.9437 0.9487
00 271.460 270.385 0.9097 0.9138
00 271.460 270.415 0.9370 0.9410
00 271.460 270.392 0.9310 0.9353
00 271.460 270.281 0.9383 0.9439
00 271.460 270.402 0.9083 0.9122
00 271.460 270.490 0.9465 0.9500
00 271.460 270.456 0.9389 0.9425
00 271.460 270.257 0.9341 0.9398
00 271.460 270.391 0.9102 0.9142
00 271.460 270.521 0.9507 0.9542
00 271.460 270.486 0.9431 0.9466
00 271.460 270.259 0.9324 0.9381
00 271.460 270.366 0.9173 0.9217
00 271.460 270.523 0.9505 0.9540
00 271.460 270.488 0.9424 0.9459
00 271.460 270.268 0.9327 0.9384
00 271.460 270.338 0.9256 0.9303
00 271.460 270.514 0.9486 0.9521
00 271.460 270.495 0.9421 0.9456
00 271.460 270.269 0.9325 0.9381
00 271.460 270.317 0.9278 0.9328
00 271.460 270.478 0.9426 0.9461
00 271.491 270.549 0.9456 0.9491
00 271.612 270.416 0.9329 0.9384
00 271.520 270.382 0.9297 0.9346
00 271.587 270.543 0.9306 0.9352
00 271.724 270.779 0.9432 0.9466
00 272.113 270.889 0.9336 0.9398
00 272.027 270.931 0.9368 0.9416
00 271.808 270.705 0.9161 0.9211
00 271.890 270.946 0.9456 0.9489
00 272.144 270.947 0.9368 0.9427
00 272.189 271.116 0.9384 0.9428
00 271.883 270.747 0.9013 0.9065
00 271.905 270.965 0.9475 0.9507
00 272.485 271.289 0.9366 0.9421
00 272.715 271.627 0.9366 0.9414
00 271.969 270.815 0.8890 0.8943
00 272.225 271.281 0.9474 0.9505
00 272.862 271.675 0.9358 0.9416
00 272.851 271.746 0.9335 0.9384
00 272.284 271.104 0.8794 0.8845
00 272.644 271.686 0.9467 0.9502
00 273.032 271.934 0.9423 0.9471
00 272.769 271.695 0.9352 0.9399
00 271.460 270.455 0.9600 0.9639
00 271.460 270.457 0.9582 0.9620
00 271.460 270.386 0.9515 0.9560
00 271.460 270.450 0.9529 0.9567
00 271.460 270.468 0.9591 0.9628
00 271.460 270.254 0.9306 0.9363
00 271.460 270.258 0.9319 0.9376
00 271.460 270.421 0.9379 0.9419
00 271.460 270.365 0.9441 0.9488
00 271.460 270.303 0.9257 0.9308
00 271.460 270.303 0.9378 0.9431
00 271.460 270.381 0.9300 0.9343
00 271.460 270.346 0.9372 0.9420
00 271.460 270.317 0.9203 0.9253
00 271.460 270.323 0.9386 0.9436
00 271.460 270.325 0.9192 0.9241
00 271.460 270.328 0.9301 0.9350
00 271.460 270.379 0.9293 0.9336
00 271.460 270.294 0.9372 0.9426
00 271.460 270.350 0.9175 0.9221
00 271.460 270.352 0.9299 0.9346
00 271.460 270.435 0.9362 0.9400
00 271.460 270.298 0.9387 0.9441
00 271.460 270.372 0.9150 0.9192
00 271.460 270.381 0.9326 0.9369
00 271.460 270.483 0.9426 0.9461
00 271.460 270.274 0.9365 0.9421
00 271.460 270.381 0.9138 0.9180
00 271.460 270.407 0.9353 0.9394
00 271.460 270.499 0.9453 0.9487
00 271.460 270.261 0.9338 0.9395
00 271.460 270.367 0.9164 0.9207
00 271.460 270.458 0.9412 0.9448
00 271.460 270.506 0.9455 0.9490
00 271.460 270.275 0.9364 0.9420
00 271.460 270.342 0.9218 0.9265
00 271.460 270.511 0.9480 0.9515
00 271.460 270.513 0.9450 0.9485
00 271.460 270.300 0.9406 0.9460
00 271.460 270.312 0.9238 0.9288
00 271.460 270.537 0.9511 0.9544
00 271.460 270.511 0.9435 0.9470
00 271.460 270.295 0.9400 0.9454
00 271.460 270.307 0.9251 0.9302
00 271.460 270.551 0.9518 0.9550
00 271.490 270.531 0.9413 0.9450
00 271.603 270.418 0.9358 0.9413
00 271.599 270.505 0.9353 0.9401
00 271.604 270.702 0.9516 0.9547
00 271.811 270.858 0.9424 0.9458
00 272.288 271.107 0.9370 0.9425
00 272.012 270.939 0.9383 0.9429
00 271.868 270.954 0.9489 0.9519
00 271.839 270.900 0.9427 0.9460
00 272.251 271.080 0.9371 0.9426
00 272.268 271.198 0.9368 0.9411
00 272.148 271.205 0.9437 0.9468
00 272.094 271.157 0.9441 0.9471
00 272.421 271.290 0.9408 0.9457
00 272.507 271.470 0.9408 0.9447
00 272.327 271.325 0.9324 0.9359
00 272.073 271.144 0.9434 0.9464
00 272.603 271.507 0.9430 0.9478
00 272.523 271.487 0.9387 0.9427
00 272.510 271.412 0.9119 0.9161
00 272.219 271.286 0.9428 0.9457
00 272.669 271.662 0.9511 0.9551
00 272.815 271.779 0.9386 0.9428
00 271.460 270.369 0.9422 0.9468
00 271.460 270.326 0.9215 0.9264
00 271.460 270.373 0.9414 0.9459
00 271.460 270.328 0.9218 0.9266
00 271.460 270.319 0.9322 0.9372
00 271.460 270.463 0.9391 0.9427
00 271.460 270.390 0.9444 0.9488
00 271.460 270.340 0.9206 0.9253
00 271.460 270.311 0.9285 0.9336
00 271.460 270.492 0.9434 0.9468
00 271.460 270.354 0.9422 0.9470
00 271.460 270.344 0.9193 0.9239
00 271.460 270.327 0.9275 0.9325
00 271.460 270.499 0.9456 0.9491
00 271.460 270.271 0.9346 0.9402
00 271.460 270.345 0.9192 0.9238
00 271.460 270.360 0.9299 0.9344
00 271.460 270.486 0.9441 0.9475
00 271.460 270.261 0.9359 0.9417
00 271.460 270.339 0.9215 0.9262
00 271.460 270.389 0.9330 0.9372
00 271.460 270.459 0.9394 0.9430
00 271.460 270.447 0.9548 0.9586
00 271.460 270.314 0.9218 0.9268
00 271.460 270.427 0.9373 0.9412
00 271.460 270.428 0.9328 0.9366
00 271.460 270.418 0.9524 0.9566
00 271.460 270.303 0.9224 0.9275
00 271.460 270.478 0.9437 0.9472
00 271.460 270.466 0.9337 0.9372
00 271.460 270.303 0.9410 0.9463
00 271.460 270.321 0.9261 0.9311
00 271.460 270.518 0.9484 0.9519
00 271.460 270.537 0.9431 0.9465
00 271.460 270.307 0.9391 0.9444
00 271.460 270.343 0.9289 0.9337
00 271.468 270.552 0.9500 0.9533
00 271.479 270.536 0.9437 0.9472
00 271.527 270.441 0.9432 0.9477
00 271.620 270.572 0.9376 0.9422
00 271.731 270.826 0.9499 0.9529
00 271.854 270.904 0.9419 0.9453
00 271.859 270.838 0.9500 0.9542
00 271.808 270.819 0.9448 0.9486
00 272.287 271.380 0.9499 0.9526
00 272.027 271.071 0.9389 0.9422
00 272.226 271.223 0.9520 0.9558
00 272.273 271.268 0.9420 0.9456
00 272.592 271.688 0.9502 0.9532
00 272.200 271.233 0.9378 0.9410
00 272.663 271.667 0.9529 0.9568
00 272.648 271.632 0.9406 0.9447
00 272.770 271.862 0.9487 0.9516
00 272.472 271.480 0.9324 0.9359
00 272.829 271.848 0.9538 0.9575
00 272.939 271.933 0.9421 0.9459
00 272.939 271.933 0.9421 0.9459
