00 272.120 271.187 0.9175 0.9204
00 272.555 271.720 0.9458 0.9481
00 272.920 271.922 0.9271 0.9308
00 273.125 272.236 0.9368 0.9392
00 271.476 270.574 0.9055 0.9087
00 271.601 270.791 0.9359 0.9380
00 271.643 270.704 0.9169 0.9203
00 272.502 271.660 0.9336 0.9360
00 271.461 270.581 0.9010 0.9040
00 271.460 270.578 0.9037 0.9067
00 271.460 270.525 0.9088 0.9121
00 271.703 270.906 0.9283 0.9301
00 271.461 270.614 0.8938 0.8964
00 271.460 270.553 0.8954 0.8987
00 271.460 270.527 0.9030 0.9063
00 271.465 270.665 0.9251 0.9271
00 271.461 270.632 0.8886 0.8910
00 271.460 270.515 0.8883 0.8915
00 271.462 270.513 0.8967 0.9000
00 271.500 270.688 0.9178 0.9199
00 271.461 270.643 0.8956 0.8979
00 271.460 270.504 0.8984 0.9017
00 271.461 270.428 0.8808 0.8841
00 272.006 271.168 0.9175 0.9194
00 271.461 270.661 0.9046 0.9067
00 271.460 270.418 0.8911 0.8947
00 271.460 270.397 0.8635 0.8670
00 271.632 270.837 0.9219 0.9238
00 271.461 270.675 0.9115 0.9134
00 271.460 270.333 0.8723 0.8766
00 271.460 270.494 0.8510 0.8540
00 271.461 270.695 0.9217 0.9234
00 271.461 270.679 0.9166 0.9185
00 271.460 270.284 0.8466 0.8512
00 271.460 270.577 0.8378 0.8408
00 271.460 270.702 0.9231 0.9247
00 271.461 270.680 0.9235 0.9254
00 271.460 270.314 0.8267 0.8307
00 271.460 270.650 0.8283 0.8305
00 271.460 270.706 0.9272 0.9287
00 271.461 270.670 0.9241 0.9261
00 271.460 270.429 0.8064 0.8093
00 271.460 270.716 0.8292 0.8307
00 271.460 270.706 0.9272 0.9287
00 271.461 270.656 0.9215 0.9236
00 271.460 270.690 0.7806 0.7824
00 271.460 270.782 0.8245 0.8254
00 271.493 270.749 0.9272 0.9287
00 271.461 270.644 0.9173 0.9195
00 271.460 271.162 0.7615 0.7583
00 271.552 270.933 0.8086 0.8086
00 271.809 271.051 0.9253 0.9266
00 271.463 270.633 0.9104 0.9128
00 271.631 271.727 0.7498 0.7446
00 272.490 271.726 0.8056 0.8072
00 272.111 271.332 0.9160 0.9172
00 271.993 271.113 0.9064 0.9087
00 272.701 272.854 0.7456 0.7395
00 272.624 271.789 0.8197 0.8218
00 272.776 271.957 0.9075 0.9093
00 272.421 271.497 0.9025 0.9053
00 272.605 273.001 0.7459 0.7376
00 273.008 272.075 0.8308 0.8332
00 272.774 271.972 0.9040 0.9057
00 272.570 271.630 0.8998 0.9031
00 272.949 273.403 0.7486 0.7390
00 273.430 272.400 0.8332 0.8359
00 273.105 272.286 0.9014 0.9028
00 272.904 271.939 0.8978 0.9010
00 273.323 273.783 0.7550 0.7466
00 273.735 272.725 0.8396 0.8433
00 273.673 272.817 0.8955 0.8978
00 272.906 271.930 0.9292 0.9327
00 273.169 272.305 0.9454 0.9476
00 272.902 271.893 0.9232 0.9270
00 273.321 272.399 0.9333 0.9359
00 271.478 270.567 0.9177 0.9209
00 271.864 271.066 0.9440 0.9457
00 272.365 271.369 0.9156 0.9189
00 273.104 272.212 0.9325 0.9350
00 271.461 270.542 0.9064 0.9097
00 271.460 270.670 0.9320 0.9339
00 271.640 270.700 0.9116 0.9149
00 272.321 271.479 0.9296 0.9315
00 271.461 270.562 0.8991 0.9022
00 271.460 270.602 0.9043 0.9070
00 271.460 270.506 0.9049 0.9082
00 271.557 270.758 0.9289 0.9308
00 271.461 270.584 0.8907 0.8936
00 271.460 270.564 0.8958 0.8990
00 271.461 270.456 0.8927 0.8960
00 271.668 270.853 0.9178 0.9198
00 271.461 270.608 0.8873 0.8899
00 271.460 270.522 0.8922 0.8954
00 271.474 270.391 0.8757 0.8796
00 271.603 270.799 0.9178 0.9197
00 271.461 270.613 0.8889 0.8915
00 271.460 270.489 0.8987 0.9020
00 271.461 270.393 0.8594 0.8629
00 271.465 270.677 0.9203 0.9222
00 271.461 270.617 0.8912 0.8938
00 271.460 270.405 0.8908 0.8945
00 271.460 270.492 0.8407 0.8438
00 271.460 270.687 0.9217 0.9234
00 271.461 270.623 0.8930 0.8955
00 271.460 270.333 0.8715 0.8758
00 271.460 270.571 0.8235 0.8265
00 271.460 270.691 0.9187 0.9204
00 271.461 270.638 0.8969 0.8993
00 271.460 270.300 0.8509 0.8554
00 271.460 270.627 0.8204 0.8229
00 271.460 270.694 0.9217 0.9234
00 271.461 270.641 0.8972 0.8994
00 271.460 270.321 0.8316 0.8356
00 271.460 270.706 0.8241 0.8257
00 271.462 270.699 0.9245 0.9262
00 271.461 270.646 0.8977 0.8999
00 271.460 270.411 0.8101 0.8129
00 271.461 270.787 0.8200 0.8208
00 271.659 270.891 0.9243 0.9259
00 271.461 270.649 0.8982 0.9004
00 271.462 270.656 0.7904 0.7926
00 271.790 271.132 0.8097 0.8096
00 272.596 271.780 0.9259 0.9279
00 271.517 270.702 0.8980 0.9002
00 271.998 271.464 0.7716 0.7703
00 272.765 271.990 0.8045 0.8056
00 272.496 271.692 0.9239 0.9259
00 272.414 271.520 0.8960 0.8988
00 272.544 272.248 0.7538 0.7503
00 272.665 271.897 0.8132 0.8145
00 273.136 272.296 0.9147 0.9164
00 272.643 271.730 0.8947 0.8977
00 272.694 272.687 0.7475 0.7432
00 272.977 272.130 0.8295 0.8310
00 273.411 272.572 0.9091 0.9115
00 273.141 272.185 0.8929 0.8958
00 273.388 273.469 0.7469 0.7408
00 273.556 272.575 0.8420 0.8457
00 273.769 272.900 0.9037 0.9060
00 273.454 272.471 0.8907 0.8937
00 273.666 273.884 0.7460 0.7393
00 273.734 272.711 0.8489 0.8527
00 274.023 273.148 0.9029 0.9049
00 273.208 272.168 0.9258 0.9297
00 273.348 272.480 0.9434 0.9455
00 273.584 272.514 0.9200 0.9243
00 273.539 272.606 0.9366 0.9399
00 273.021 271.981 0.9221 0.9262
00 272.841 272.002 0.9417 0.9438
00 273.527 272.490 0.9224 0.9263
00 273.112 272.213 0.9337 0.9362
00 271.558 270.605 0.9126 0.9162
00 271.869 271.079 0.9398 0.9414
00 272.148 271.160 0.9125 0.9159
00 272.560 271.700 0.9317 0.9342
00 271.461 270.515 0.8975 0.9007
00 271.460 270.678 0.9330 0.9348
00 271.462 270.460 0.9012 0.9045
00 271.701 270.892 0.9299 0.9318
00 271.461 270.542 0.8881 0.8914
00 271.460 270.619 0.9092 0.9117
00 271.461 270.426 0.8937 0.8972
00 271.483 270.690 0.9237 0.9257
00 271.461 270.569 0.8841 0.8871
00 271.460 270.567 0.8952 0.8983
00 271.461 270.354 0.8775 0.8817
00 271.588 270.799 0.9247 0.9265
00 271.461 270.582 0.8823 0.8853
00 271.460 270.530 0.8954 0.8986
00 271.460 270.392 0.8601 0.8637
00 271.480 270.699 0.9258 0.9276
00 271.461 270.583 0.8833 0.8863
00 271.460 270.479 0.8972 0.9004
00 271.460 270.492 0.8404 0.8435
00 271.462 270.683 0.9239 0.9257
00 271.461 270.589 0.8848 0.8877
00 271.460 270.415 0.8922 0.8958
00 271.460 270.568 0.8232 0.8261
00 271.460 270.687 0.9226 0.9244
00 271.461 270.599 0.8865 0.8893
00 271.460 270.337 0.8751 0.8794
00 271.460 270.596 0.8192 0.8221
00 271.460 270.685 0.9214 0.9232
00 271.461 270.609 0.8876 0.8903
00 271.460 270.302 0.8566 0.8610
00 271.460 270.675 0.8193 0.8213
00 271.578 270.800 0.9222 0.9240
00 271.461 270.610 0.8863 0.8889
00 271.460 270.316 0.8395 0.8437
00 271.502 270.814 0.8160 0.8168
00 272.342 271.521 0.9238 0.9259
00 271.461 270.608 0.8843 0.8870
00 271.461 270.378 0.8219 0.8252
00 272.240 271.505 0.8116 0.8125
00 272.506 271.685 0.9254 0.9275
00 271.619 270.753 0.8819 0.8845
00 271.880 270.901 0.8064 0.8096
00 272.984 272.171 0.8032 0.8042
00 273.164 272.308 0.9250 0.9269
00 272.667 271.703 0.8799 0.8834
00 273.100 272.141 0.7883 0.7906
00 273.079 272.269 0.8110 0.8118
00 273.398 272.534 0.9218 0.9244
00 272.946 271.964 0.8774 0.8807
00 273.006 272.345 0.7673 0.7665
00 272.967 272.182 0.8300 0.8309
00 273.192 272.359 0.9152 0.9168
00 272.942 271.966 0.8751 0.8784
00 272.946 272.608 0.7555 0.7538
00 273.148 272.311 0.8482 0.8495
00 273.293 272.475 0.9121 0.9136
00 272.970 272.000 0.8741 0.8772
00 273.175 273.069 0.7537 0.7490
00 273.665 272.719 0.8565 0.8597
00 273.565 272.746 0.9113 0.9133
00 273.321 272.191 0.9137 0.9184
00 273.301 272.438 0.9438 0.9458
00 273.614 272.568 0.9246 0.9290
00 273.324 272.409 0.9395 0.9420
00 273.086 271.967 0.9115 0.9163
00 273.149 272.300 0.9411 0.9431
00 273.371 272.328 0.9208 0.9245
00 273.157 272.259 0.9359 0.9384
00 271.947 270.930 0.9129 0.9168
00 271.985 271.196 0.9398 0.9414
00 271.925 270.930 0.9119 0.9156
00 272.044 271.210 0.9329 0.9348
00 271.461 270.474 0.8980 0.9012
00 271.460 270.695 0.9398 0.9415
00 271.460 270.457 0.9050 0.9083
00 271.460 270.662 0.9289 0.9309
00 271.461 270.483 0.8867 0.8899
00 271.460 270.689 0.9366 0.9383
00 271.460 270.421 0.8983 0.9019
00 271.529 270.737 0.9288 0.9307
00 271.461 270.502 0.8808 0.8840
00 271.460 270.646 0.9183 0.9205
00 271.466 270.347 0.8814 0.8857
00 271.844 271.051 0.9287 0.9304
00 271.461 270.508 0.8776 0.8808
00 271.460 270.599 0.9051 0.9079
00 271.476 270.391 0.8647 0.8685
00 271.812 271.019 0.9305 0.9322
00 271.461 270.514 0.8719 0.8751
00 271.460 270.535 0.8967 0.9000
00 271.474 270.476 0.8435 0.8466
00 271.902 271.098 0.9302 0.9320
00 271.461 270.545 0.8702 0.8734
00 271.460 270.480 0.8954 0.8987
00 271.460 270.544 0.8272 0.8301
00 271.480 270.708 0.9293 0.9310
00 271.461 270.564 0.8681 0.8713
00 271.460 270.417 0.8929 0.8965
00 271.460 270.579 0.8231 0.8261
00 271.475 270.696 0.9245 0.9264
00 271.461 270.573 0.8666 0.8696
00 271.460 270.351 0.8807 0.8849
00 271.480 270.635 0.8183 0.8209
00 271.782 270.987 0.9225 0.9242
00 271.461 270.587 0.8680 0.8709
00 271.460 270.313 0.8652 0.8696
00 271.499 270.764 0.8176 0.8189
00 272.446 271.607 0.9216 0.9240
00 271.461 270.596 0.8681 0.8709
00 271.463 270.305 0.8485 0.8528
00 272.056 271.330 0.8126 0.8127
00 272.442 271.606 0.9215 0.9239
00 271.739 270.844 0.8654 0.8681
00 272.259 271.026 0.8343 0.8396
00 272.781 271.992 0.8080 0.8092
00 272.971 272.105 0.9213 0.9235
00 272.817 271.799 0.8640 0.8678
00 272.961 271.721 0.8211 0.8269
00 272.990 272.188 0.8038 0.8047
00 273.524 272.636 0.9222 0.9249
00 272.939 271.908 0.8620 0.8658
00 273.188 272.046 0.8057 0.8099
00 273.229 272.417 0.8211 0.8218
00 273.857 272.970 0.9218 0.9242
00 273.252 272.203 0.8652 0.8687
00 273.328 272.350 0.7879 0.7898
00 273.335 272.508 0.8418 0.8435
00 274.297 273.398 0.9178 0.9199
00 273.540 272.469 0.8662 0.8699
00 273.684 272.880 0.7772 0.7787
00 274.020 273.091 0.8534 0.8558
00 274.504 273.607 0.9155 0.9183
00 273.172 271.959 0.8916 0.8971
00 273.062 272.196 0.9470 0.9493
00 273.069 272.091 0.9284 0.9317
00 272.865 271.995 0.9440 0.9464
00 273.110 271.916 0.8949 0.9004
00 272.919 272.070 0.9456 0.9478
00 273.377 272.360 0.9255 0.9289
00 272.769 271.911 0.9424 0.9448
00 272.492 271.342 0.8925 0.8971
00 272.260 271.447 0.9437 0.9453
00 272.462 271.477 0.9204 0.9236
00 272.322 271.487 0.9392 0.9412
00 271.534 270.500 0.8989 0.9029
00 271.546 270.776 0.9408 0.9424
00 271.465 270.510 0.9136 0.9170
00 271.491 270.697 0.9322 0.9341
00 271.461 270.443 0.8994 0.9028
00 271.460 270.700 0.9394 0.9410
00 271.460 270.471 0.9100 0.9133
00 271.460 270.675 0.9289 0.9308
00 271.461 270.439 0.8955 0.8989
00 271.460 270.703 0.9401 0.9416
00 271.471 270.437 0.9038 0.9074
00 271.609 270.829 0.9317 0.9335
00 271.461 270.443 0.8955 0.8988
00 271.462 270.703 0.9400 0.9416
00 271.567 270.449 0.8901 0.8944
00 272.417 271.605 0.9303 0.9324
00 271.461 270.458 0.8990 0.9023
00 271.460 270.688 0.9343 0.9361
00 271.526 270.414 0.8751 0.8792
00 271.835 271.057 0.9333 0.9348
00 271.461 270.472 0.8942 0.8975
00 271.460 270.633 0.9141 0.9164
00 271.487 270.444 0.8566 0.8600
00 271.663 270.890 0.9321 0.9337
00 271.461 270.489 0.8827 0.8859
00 271.460 270.570 0.9032 0.9063
00 271.460 270.492 0.8363 0.8393
00 271.472 270.713 0.9300 0.9316
00 271.461 270.522 0.8796 0.8828
00 271.460 270.499 0.8967 0.9000
00 271.460 270.556 0.8245 0.8274
00 271.460 270.694 0.9277 0.9294
00 271.461 270.539 0.8805 0.8837
00 271.460 270.430 0.8925 0.8960
00 271.460 270.587 0.8188 0.8217
00 271.473 270.704 0.9264 0.9281
00 271.461 270.556 0.8857 0.8889
00 271.460 270.374 0.8851 0.8891
00 271.609 270.775 0.8155 0.8177
00 272.240 271.424 0.9261 0.9276
00 271.461 270.565 0.8907 0.8938
00 271.469 270.343 0.8747 0.8790
00 272.264 271.420 0.8120 0.8131
00 272.730 271.883 0.9255 0.9277
00 271.583 270.678 0.8948 0.8978
00 272.593 271.302 0.8607 0.8663
00 272.616 271.814 0.8085 0.8102
00 272.818 271.959 0.9228 0.9251
00 272.871 271.859 0.8995 0.9033
00 273.010 271.664 0.8478 0.8548
00 272.875 272.085 0.8042 0.8053
00 273.062 272.184 0.9197 0.9219
00 273.555 272.511 0.9089 0.9129
00 273.621 272.227 0.8366 0.8429
00 273.842 272.913 0.8068 0.8094
00 274.025 273.093 0.9186 0.9213
00 273.763 272.743 0.9178 0.9218
00 273.964 272.575 0.8241 0.8313
00 274.135 273.185 0.8256 0.8278
00 274.258 273.336 0.9195 0.9220
00 274.126 273.108 0.9216 0.9252
00 274.334 273.001 0.8109 0.8168
00 274.375 273.433 0.8450 0.8470
00 274.513 273.587 0.9168 0.9199
00 271.579 270.536 0.9016 0.9060
00 271.597 270.746 0.9461 0.9486
00 271.714 270.766 0.9177 0.9211
00 271.812 270.745 0.8889 0.8935
00 271.780 270.946 0.9464 0.9486
00 271.628 270.772 0.9363 0.9388
00 271.635 270.830 0.9444 0.9464
00 271.535 270.514 0.8899 0.8939
00 271.583 270.774 0.9466 0.9486
00 271.548 270.676 0.9293 0.9321
00 271.467 270.679 0.9415 0.9434
00 271.462 270.442 0.8942 0.8975
00 271.463 270.674 0.9468 0.9488
00 271.463 270.584 0.9243 0.9272
00 271.461 270.677 0.9345 0.9364
00 271.460 270.450 0.9022 0.9056
00 271.460 270.683 0.9463 0.9481
00 271.460 270.553 0.9206 0.9238
00 271.461 270.682 0.9306 0.9324
00 271.460 270.465 0.9099 0.9132
00 271.460 270.693 0.9445 0.9462
00 271.460 270.514 0.9181 0.9215
00 271.461 270.688 0.9307 0.9324
00 271.460 270.461 0.9090 0.9124
00 271.468 270.709 0.9414 0.9430
00 271.543 270.544 0.9144 0.9185
00 271.461 270.694 0.9357 0.9374
00 271.464 270.463 0.9054 0.9087
00 271.605 270.844 0.9401 0.9416
00 272.110 270.990 0.9033 0.9082
00 271.461 270.713 0.9346 0.9361
00 271.463 270.481 0.9118 0.9152
00 271.594 270.835 0.9403 0.9418
00 272.030 270.864 0.8883 0.8936
00 271.461 270.717 0.9346 0.9360
00 271.460 270.500 0.9185 0.9219
00 271.509 270.748 0.9388 0.9404
00 271.633 270.534 0.8732 0.8780
00 271.461 270.720 0.9339 0.9353
00 271.462 270.525 0.9184 0.9218
00 271.490 270.714 0.9343 0.9361
00 271.561 270.521 0.8563 0.8603
00 271.463 270.722 0.9301 0.9316
00 271.468 270.551 0.9130 0.9163
00 271.473 270.654 0.9247 0.9270
00 271.533 270.567 0.8385 0.8421
00 271.461 270.712 0.9281 0.9296
00 271.463 270.576 0.9124 0.9154
00 271.485 270.589 0.9079 0.9110
00 271.670 270.739 0.8244 0.8275
00 271.461 270.712 0.9284 0.9300
00 271.460 270.600 0.9113 0.9140
00 271.472 270.498 0.8993 0.9027
00 271.699 270.801 0.8176 0.8203
00 271.461 270.713 0.9286 0.9301
00 271.460 270.620 0.9099 0.9124
00 271.978 270.890 0.8920 0.8965
00 272.084 271.177 0.8135 0.8155
00 271.608 270.856 0.9304 0.9318
00 271.927 271.067 0.9074 0.9097
00 272.559 271.356 0.8839 0.8889
00 272.798 271.877 0.8086 0.8113
00 272.787 271.973 0.9314 0.9332
00 272.820 271.899 0.9066 0.9095
00 272.660 271.403 0.8739 0.8792
00 273.043 272.183 0.8051 0.8066
00 272.946 272.120 0.9294 0.9313
00 273.170 272.220 0.9059 0.9087
00 272.709 271.426 0.8623 0.8677
00 273.130 272.292 0.7992 0.8002
00 273.514 272.645 0.9263 0.9289
00 273.568 272.571 0.9038 0.9076
00 273.235 271.887 0.8515 0.8582
00 273.783 272.836 0.8028 0.8056
00 274.450 273.504 0.9210 0.9239
00 274.787 273.675 0.9012 0.9059
00 274.088 272.638 0.8408 0.8486
00 274.297 273.319 0.8253 0.8275
00 271.461 270.723 0.9193 0.9207
00 271.460 270.445 0.9124 0.9158
00 271.460 270.625 0.9493 0.9517
00 271.460 270.580 0.9353 0.9382
00 271.714 270.890 0.9453 0.9474
00 271.635 270.609 0.9078 0.9121
00 271.555 270.729 0.9480 0.9502
00 271.510 270.605 0.9198 0.9230
00 272.112 271.276 0.9426 0.9446
00 271.920 270.898 0.9009 0.9049
00 271.599 270.785 0.9468 0.9489
00 271.497 270.628 0.9286 0.9314
00 271.462 270.667 0.9401 0.9421
00 271.461 270.477 0.8898 0.8930
00 271.460 270.664 0.9461 0.9481
00 271.460 270.565 0.9209 0.9239
00 271.461 270.673 0.9357 0.9376
00 271.460 270.504 0.9049 0.9082
00 271.460 270.673 0.9460 0.9479
00 271.460 270.582 0.9202 0.9231
00 271.461 270.686 0.9316 0.9334
00 271.460 270.517 0.9080 0.9113
00 271.460 270.681 0.9460 0.9478
00 271.460 270.596 0.9249 0.9276
00 271.461 270.689 0.9306 0.9323
00 271.460 270.524 0.9068 0.9101
00 271.460 270.689 0.9461 0.9479
00 271.460 270.569 0.9267 0.9298
00 271.461 270.691 0.9338 0.9355
00 271.460 270.536 0.9046 0.9079
00 271.460 270.697 0.9459 0.9476
00 271.465 270.541 0.9272 0.9306
00 271.461 270.698 0.9371 0.9387
00 271.460 270.539 0.8939 0.8971
00 271.483 270.724 0.9444 0.9460
00 271.655 270.667 0.9238 0.9278
00 271.461 270.714 0.9346 0.9361
00 271.462 270.555 0.8889 0.8921
00 271.668 270.907 0.9420 0.9435
00 272.021 270.944 0.9148 0.9193
00 271.461 270.722 0.9325 0.9339
00 271.474 270.582 0.8960 0.8991
00 271.833 271.067 0.9404 0.9419
00 272.311 271.154 0.8923 0.8972
00 271.461 270.718 0.9315 0.9329
00 271.466 270.593 0.8993 0.9022
00 271.929 271.153 0.9395 0.9410
00 272.422 271.238 0.8733 0.8782
00 271.469 270.722 0.9299 0.9314
00 271.577 270.718 0.8978 0.9004
00 272.371 271.560 0.9382 0.9403
00 272.831 271.616 0.8567 0.8626
00 271.915 271.140 0.9290 0.9304
00 272.642 271.702 0.8971 0.9004
00 272.746 271.887 0.9343 0.9367
00 272.963 271.792 0.8427 0.8479
00 271.840 271.066 0.9269 0.9284
00 272.288 271.393 0.8989 0.9010
00 272.094 271.227 0.9258 0.9281
00 272.927 271.801 0.8272 0.8318
00 271.539 270.791 0.9283 0.9298
00 271.699 270.858 0.9042 0.9065
00 272.563 271.594 0.9130 0.9167
00 272.843 271.768 0.8163 0.8206
00 272.459 271.664 0.9302 0.9321
00 272.913 271.969 0.9053 0.9083
00 272.722 271.662 0.9022 0.9067
00 273.258 272.191 0.8112 0.8144
00 272.821 272.008 0.9299 0.9318
00 273.428 272.439 0.9024 0.9053
00 272.927 271.787 0.8963 0.9014
00 273.244 272.277 0.8058 0.8080
00 272.925 272.109 0.9303 0.9321
00 273.230 272.266 0.9019 0.9047
00 272.955 271.752 0.8881 0.8938
00 273.077 272.203 0.8015 0.8030
00 273.010 272.196 0.9314 0.9331
00 273.355 272.387 0.9030 0.9058
00 273.057 271.805 0.8784 0.8845
00 273.919 272.919 0.8003 0.8035
00 273.804 272.952 0.9323 0.9344
00 273.834 272.831 0.9042 0.9078
00 273.697 272.344 0.8678 0.8739
00 274.184 273.141 0.8020 0.8050
00 271.476 270.753 0.9296 0.9308
00 271.467 270.482 0.9016 0.9050
00 271.460 270.651 0.9485 0.9506
00 271.464 270.600 0.9269 0.9297
00 272.271 271.427 0.9397 0.9416
00 272.030 271.029 0.9003 0.9039
00 271.554 270.762 0.9477 0.9496
00 271.802 270.908 0.9217 0.9244
00 271.502 270.709 0.9373 0.9393
00 271.524 270.579 0.8976 0.9012
00 271.473 270.704 0.9470 0.9487
00 271.840 270.951 0.9220 0.9247
00 271.461 270.683 0.9322 0.9340
00 271.460 270.548 0.9035 0.9068
00 271.460 270.706 0.9469 0.9484
00 271.472 270.602 0.9195 0.9223
00 271.461 270.696 0.9306 0.9323
00 271.460 270.562 0.9048 0.9079
00 271.460 270.715 0.9471 0.9486
00 271.460 270.623 0.9269 0.9293
00 271.461 270.689 0.9337 0.9354
00 271.460 270.551 0.8994 0.9026
00 271.460 270.718 0.9471 0.9485
00 271.460 270.617 0.9313 0.9338
00 271.461 270.690 0.9371 0.9388
00 271.460 270.531 0.8944 0.8976
00 271.460 270.718 0.9470 0.9484
00 271.462 270.587 0.9319 0.9347
00 271.461 270.699 0.9366 0.9383
00 271.460 270.523 0.8911 0.8943
00 271.470 270.725 0.9465 0.9479
00 271.516 270.603 0.9320 0.9353
00 271.461 270.706 0.9337 0.9353
00 271.460 270.508 0.8872 0.8904
00 271.603 270.851 0.9452 0.9467
00 271.683 270.707 0.9266 0.9304
00 271.461 270.701 0.9306 0.9322
00 271.460 270.513 0.8873 0.8905
00 271.670 270.913 0.9432 0.9446
00 271.889 270.860 0.9206 0.9248
00 271.461 270.689 0.9286 0.9303
00 271.470 270.552 0.8936 0.8969
00 271.796 271.034 0.9401 0.9415
00 272.034 270.952 0.9078 0.9123
00 271.487 270.713 0.9282 0.9299
00 271.757 270.855 0.9001 0.9029
00 272.732 271.921 0.9384 0.9403
00 272.552 271.348 0.8790 0.8839
00 271.944 271.143 0.9296 0.9313
00 272.658 271.697 0.8995 0.9030
00 272.938 272.104 0.9373 0.9393
00 272.734 271.535 0.8635 0.8691
00 272.111 271.315 0.9302 0.9317
00 272.509 271.556 0.8928 0.8964
00 272.919 272.067 0.9358 0.9380
00 273.040 271.857 0.8492 0.8544
00 272.603 271.791 0.9300 0.9320
00 272.833 271.851 0.8898 0.8933
00 272.882 272.010 0.9336 0.9360
00 273.272 272.100 0.8321 0.8367
00 272.663 271.854 0.9299 0.9318
00 273.107 272.147 0.8985 0.9014
00 272.887 271.985 0.9287 0.9314
00 273.341 272.209 0.8242 0.8281
00 273.020 272.197 0.9305 0.9323
00 273.575 272.598 0.9041 0.9078
00 273.336 272.340 0.9169 0.9202
00 273.673 272.569 0.8201 0.8247
00 273.429 272.592 0.9315 0.9338
00 273.874 272.913 0.9142 0.9174
00 273.656 272.579 0.9098 0.9144
00 273.765 272.719 0.8159 0.8199
00 273.524 272.686 0.9329 0.9351
00 273.650 272.708 0.9152 0.9184
00 273.645 272.514 0.9044 0.9093
00 273.941 272.902 0.8142 0.8177
00 273.987 273.123 0.9326 0.9348
00 273.853 272.892 0.9133 0.9165
00 273.724 272.540 0.8990 0.9046
00 273.988 272.941 0.8021 0.8056
00 271.461 270.742 0.9321 0.9332
00 271.460 270.465 0.9099 0.9133
00 271.460 270.632 0.9495 0.9519
00 271.460 270.545 0.9311 0.9343
00 271.461 270.659 0.9437 0.9457
00 271.460 270.493 0.9029 0.9062
00 271.460 270.652 0.9491 0.9512
00 271.460 270.598 0.9268 0.9295
00 271.462 270.676 0.9407 0.9426
00 271.461 270.531 0.9041 0.9074
00 271.460 270.679 0.9490 0.9508
00 271.526 270.642 0.9192 0.9221
00 272.758 271.918 0.9368 0.9390
00 271.998 271.048 0.9053 0.9084
00 271.894 271.124 0.9486 0.9500
00 272.926 271.976 0.9220 0.9252
00 271.716 270.937 0.9317 0.9333
00 271.527 270.603 0.8956 0.8990
00 271.513 270.780 0.9475 0.9488
00 271.817 270.961 0.9260 0.9284
00 271.461 270.688 0.9296 0.9314
00 271.460 270.515 0.8834 0.8866
00 271.460 270.743 0.9473 0.9485
00 271.474 270.643 0.9257 0.9281
00 271.461 270.669 0.9376 0.9395
00 271.460 270.491 0.8746 0.8778
00 271.460 270.749 0.9475 0.9485
00 271.460 270.622 0.9249 0.9273
00 271.461 270.680 0.9368 0.9386
00 271.460 270.484 0.8671 0.8702
00 271.460 270.752 0.9482 0.9492
00 271.460 270.599 0.9258 0.9285
00 271.461 270.693 0.9353 0.9371
00 271.460 270.513 0.8600 0.8631
00 271.460 270.749 0.9479 0.9490
00 271.460 270.578 0.9299 0.9328
00 271.461 270.688 0.9322 0.9339
00 271.460 270.516 0.8588 0.8619
00 271.460 270.745 0.9469 0.9480
00 271.460 270.553 0.9327 0.9359
00 271.461 270.675 0.9295 0.9314
00 271.460 270.560 0.8857 0.8889
00 271.464 270.742 0.9452 0.9464
00 271.539 270.601 0.9289 0.9324
00 271.461 270.663 0.9288 0.9308
00 271.460 270.598 0.8850 0.8878
00 271.844 271.098 0.9423 0.9435
00 272.035 271.055 0.9271 0.9307
00 271.476 270.680 0.9283 0.9303
00 271.535 270.682 0.8752 0.8778
00 272.797 271.995 0.9388 0.9405
00 272.542 271.497 0.9211 0.9252
00 272.163 271.340 0.9266 0.9283
00 272.542 271.608 0.8754 0.8787
00 273.251 272.412 0.9368 0.9386
00 272.865 271.717 0.8978 0.9030
00 272.672 271.827 0.9255 0.9278
00 272.609 271.697 0.8879 0.8909
00 273.117 272.271 0.9351 0.9370
00 273.257 272.020 0.8722 0.8777
00 272.879 272.018 0.9234 0.9256
00 273.167 272.226 0.9004 0.9031
00 273.147 272.287 0.9348 0.9368
00 273.623 272.355 0.8557 0.8609
00 273.055 272.173 0.9204 0.9227
00 272.989 272.081 0.9113 0.9139
00 273.335 272.450 0.9340 0.9362
00 273.826 272.570 0.8386 0.8446
00 273.206 272.315 0.9204 0.9226
00 273.020 272.135 0.9227 0.9251
00 273.439 272.531 0.9332 0.9362
00 273.747 272.555 0.8290 0.8343
00 273.359 272.472 0.9243 0.9265
00 273.396 272.454 0.9079 0.9104
00 273.401 272.475 0.9308 0.9334
00 273.633 272.568 0.8254 0.8297
00 273.345 272.488 0.9312 0.9333
00 273.747 272.770 0.9009 0.9043
00 273.563 272.599 0.9265 0.9300
00 273.836 272.776 0.8190 0.8230
00 273.566 272.720 0.9342 0.9364
00 273.850 272.862 0.9023 0.9058
00 273.940 272.915 0.9208 0.9246
00 274.278 273.140 0.8040 0.8078
00 271.461 270.741 0.9340 0.9352
00 271.460 270.464 0.9014 0.9047
00 271.460 270.619 0.9495 0.9520
00 271.460 270.448 0.9162 0.9196
00 271.462 270.664 0.9439 0.9459
00 271.460 270.548 0.8909 0.8941
00 271.460 270.681 0.9496 0.9514
00 271.524 270.612 0.9142 0.9174
00 271.461 270.645 0.9103 0.9125
00 271.460 270.548 0.8796 0.8828
00 271.460 270.730 0.9473 0.9485
00 271.460 270.626 0.9265 0.9289
00 271.461 270.681 0.9368 0.9386
00 271.460 270.551 0.8871 0.8903
00 271.460 270.758 0.9492 0.9502
00 271.460 270.633 0.9260 0.9284
00 271.461 270.675 0.9337 0.9356
00 271.460 270.542 0.8660 0.8691
00 271.460 270.753 0.9476 0.9486
00 271.460 270.592 0.9186 0.9213
00 271.461 270.658 0.9289 0.9310
00 271.460 270.545 0.8787 0.8818
00 271.460 270.749 0.9462 0.9473
00 271.460 270.576 0.9237 0.9266
00 271.461 270.646 0.9262 0.9284
00 271.464 270.595 0.9134 0.9162
00 271.495 270.777 0.9440 0.9452
00 271.861 270.955 0.9314 0.9343
00 271.470 270.651 0.9265 0.9288
00 271.501 270.690 0.9182 0.9203
00 271.861 271.119 0.9409 0.9421
00 272.734 271.762 0.9301 0.9336
00 271.540 270.728 0.9263 0.9284
00 271.854 271.033 0.9160 0.9179
00 272.947 272.142 0.9379 0.9395
00 272.964 271.980 0.9320 0.9355
00 272.404 271.550 0.9226 0.9252
00 272.616 271.736 0.9115 0.9142
00 273.227 272.386 0.9335 0.9353
00 273.238 272.237 0.9312 0.9347
00 272.760 271.889 0.9184 0.9208
00 272.704 271.810 0.9107 0.9134
00 273.132 272.272 0.9289 0.9309
00 273.133 272.069 0.9168 0.9210
00 272.741 271.863 0.9130 0.9156
00 273.000 272.087 0.9140 0.9166
00 273.189 272.303 0.9242 0.9264
00 273.519 272.285 0.8828 0.8881
00 273.049 272.145 0.9103 0.9127
00 273.157 272.251 0.9218 0.9243
00 273.335 272.445 0.9267 0.9288
00 273.868 272.565 0.8636 0.8703
00 273.194 272.274 0.9077 0.9102
00 273.065 272.143 0.9115 0.9142
00 273.764 272.859 0.9309 0.9336
00 274.189 272.842 0.8383 0.8447
00 273.099 272.185 0.9071 0.9097
00 273.579 272.595 0.9007 0.9044
00 274.006 273.079 0.9316 0.9344
00 274.209 272.928 0.8283 0.8340
00 273.368 272.434 0.9089 0.9113
00 273.896 272.866 0.8915 0.8954
00 273.971 273.029 0.9297 0.9326
00 274.015 272.822 0.8195 0.8246
00 273.670 272.759 0.9232 0.9261
00 274.056 273.033 0.8982 0.9018
00 274.233 273.264 0.9292 0.9322
00 274.472 273.244 0.8106 0.8150
00 271.461 270.714 0.9336 0.9351
00 271.460 270.541 0.8877 0.8909
00 271.460 270.751 0.9489 0.9500
00 271.460 270.639 0.9287 0.9310
00 271.461 270.651 0.9325 0.9347
00 271.460 270.549 0.8796 0.8828
00 271.460 270.737 0.9446 0.9458
00 271.460 270.642 0.9242 0.9265
00 271.461 270.632 0.9263 0.9286
00 271.460 270.546 0.8646 0.8677
00 271.461 270.727 0.9418 0.9431
00 271.460 270.604 0.9143 0.9169
00 271.465 270.628 0.9197 0.9222
00 271.561 270.652 0.9034 0.9066
00 272.082 271.311 0.9396 0.9409
00 272.034 271.114 0.9131 0.9158
00 271.547 270.705 0.9145 0.9169
00 272.141 271.247 0.9186 0.9211
00 272.791 271.975 0.9361 0.9379
00 272.725 271.779 0.9253 0.9286
00 271.667 270.830 0.9109 0.9132
00 272.536 271.644 0.9174 0.9203
00 273.047 272.194 0.9301 0.9322
00 272.781 271.828 0.9269 0.9303
00 272.216 271.350 0.9077 0.9097
00 272.739 271.812 0.9086 0.9116
00 273.136 272.264 0.9282 0.9304
00 273.007 272.046 0.9300 0.9333
00 272.511 271.613 0.9042 0.9071
00 272.797 271.885 0.9173 0.9201
00 273.191 272.312 0.9273 0.9294
00 273.246 272.288 0.9331 0.9361
00 272.743 271.800 0.8981 0.9013
00 272.911 272.005 0.9161 0.9188
00 273.166 272.283 0.9253 0.9276
00 273.423 272.420 0.9288 0.9321
00 273.014 272.035 0.8945 0.8978
00 273.094 272.175 0.9180 0.9206
00 273.131 272.250 0.9243 0.9265
00 273.813 272.597 0.8960 0.9019
00 273.282 272.275 0.8923 0.8955
00 273.267 272.328 0.9174 0.9201
00 273.463 272.543 0.9208 0.9239
00 273.648 272.366 0.8706 0.8761
00 273.614 272.590 0.8939 0.8979
00 273.720 272.712 0.9014 0.9052
00 273.749 272.806 0.9203 0.9235
00 274.142 272.797 0.8487 0.8553
00 273.714 272.710 0.8984 0.9022
00 274.091 273.038 0.8892 0.8930
00 274.046 273.087 0.9225 0.9255
00 274.285 272.956 0.8346 0.8407
00 273.910 272.921 0.9036 0.9070
00 274.155 273.106 0.8887 0.8923
00 274.413 273.435 0.9247 0.9276
00 274.520 273.200 0.8284 0.8339
00 271.485 270.716 0.9183 0.9200
00 273.625 272.564 0.9149 0.9194
00 273.772 272.570 0.8768 0.8826
00 273.951 272.644 0.8863 0.8930
00 271.463 270.534 0.9230 0.9264
00 271.956 271.055 0.9211 0.9238
00 272.482 271.412 0.8766 0.8802
00 272.778 271.592 0.8735 0.8792
00 271.461 270.565 0.9283 0.9314
00 271.670 270.800 0.9222 0.9248
00 272.798 271.699 0.8679 0.8726
00 272.552 271.408 0.8672 0.8714
00 271.460 270.581 0.9307 0.9336
00 271.460 270.621 0.9235 0.9260
00 272.026 270.969 0.8781 0.8822
00 271.839 270.791 0.8634 0.8676
00 271.460 270.592 0.9318 0.9346
00 271.460 270.631 0.9251 0.9275
00 271.460 270.409 0.8906 0.8942
00 271.460 270.471 0.8581 0.8612
00 271.462 270.601 0.9312 0.9339
00 271.460 270.635 0.9258 0.9281
00 271.460 270.433 0.9046 0.9081
00 271.469 270.485 0.8545 0.8576
00 271.519 270.660 0.9283 0.9309
00 271.465 270.644 0.9286 0.9309
00 271.731 270.775 0.9191 0.9226
00 272.364 271.264 0.8511 0.8549
00 271.647 270.785 0.9229 0.9254
00 271.484 270.658 0.9276 0.9299
00 272.152 271.217 0.9261 0.9290
00 272.667 271.530 0.8483 0.8531
00 272.300 271.403 0.9229 0.9252
00 271.683 270.833 0.9270 0.9294
00 272.215 271.262 0.9271 0.9301
00 272.527 271.418 0.8465 0.8502
00 272.651 271.758 0.9274 0.9302
00 272.266 271.295 0.9159 0.9190
00 272.520 271.549 0.9287 0.9324
00 272.763 271.630 0.8448 0.8498
00 272.916 272.034 0.9320 0.9344
00 272.478 271.387 0.8849 0.8888
00 273.042 272.011 0.9233 0.9273
00 273.090 271.916 0.8431 0.8480
00 272.913 272.038 0.9329 0.9353
00 272.750 271.610 0.8725 0.8777
00 273.408 272.299 0.9127 0.9171
00 273.274 272.080 0.8441 0.8490
00 273.049 272.169 0.9341 0.9365
00 273.118 271.929 0.8707 0.8760
00 273.482 272.363 0.9114 0.9157
00 273.414 272.204 0.8443 0.8491
00 273.344 272.449 0.9348 0.9370
00 273.579 272.320 0.8666 0.8718
00 273.610 272.492 0.9126 0.9172
00 273.819 272.559 0.8457 0.8517
00 273.180 272.297 0.9342 0.9365
00 273.529 272.280 0.8685 0.8738
00 273.532 272.441 0.9148 0.9188
00 274.019 272.728 0.8441 0.8503
00 273.151 272.264 0.9319 0.9343
00 273.567 272.313 0.8698 0.8751
00 273.741 272.678 0.9198 0.9242
00 274.308 272.977 0.8437 0.8498
00 273.963 273.018 0.9302 0.9332
00 274.024 272.714 0.8710 0.8775
00 274.584 273.511 0.9245 0.9288
00 274.878 273.462 0.8418 0.8482
00 274.635 273.627 0.9270 0.9308
00 274.475 273.108 0.8715 0.8780
00 274.821 273.752 0.9250 0.9293
00 275.167 273.710 0.8404 0.8480
00 273.005 272.072 0.9233 0.9262
00 274.185 273.092 0.9154 0.9197
00 274.417 273.166 0.8823 0.8877
00 274.390 273.039 0.8829 0.8895
00 272.752 271.690 0.9088 0.9133
00 273.794 272.795 0.9257 0.9293
00 274.410 273.111 0.8708 0.8767
00 274.275 272.920 0.8689 0.8755
00 271.974 271.011 0.9136 0.9170
00 273.268 272.306 0.9257 0.9287
00 273.974 272.751 0.8684 0.8741
00 273.829 272.537 0.8640 0.8703
00 271.460 270.562 0.9199 0.9230
00 272.234 271.336 0.9255 0.9279
00 272.342 271.256 0.8781 0.8821
00 272.041 270.978 0.8578 0.8618
00 271.460 270.585 0.9262 0.9290
00 271.460 270.624 0.9284 0.9308
00 271.460 270.421 0.8900 0.8935
00 271.460 270.483 0.8511 0.8542
00 271.460 270.592 0.9266 0.9294
00 271.460 270.628 0.9271 0.9295
00 271.460 270.439 0.9034 0.9069
00 271.460 270.494 0.8467 0.8497
00 271.686 270.801 0.9231 0.9259
00 271.574 270.731 0.9248 0.9272
00 271.747 270.798 0.9192 0.9226
00 272.144 271.108 0.8429 0.8464
00 272.363 271.418 0.9157 0.9184
00 272.312 271.423 0.9224 0.9246
00 272.625 271.667 0.9269 0.9304
00 272.987 271.862 0.8392 0.8438
00 272.802 271.804 0.9072 0.9110
00 272.812 271.899 0.9236 0.9265
00 273.073 272.067 0.9254 0.9291
00 273.391 272.239 0.8376 0.8418
00 273.091 272.065 0.9049 0.9086
00 273.207 272.265 0.9249 0.9277
00 273.188 272.173 0.9242 0.9278
00 273.417 272.281 0.8358 0.8397
00 272.935 271.932 0.9050 0.9087
00 273.100 272.121 0.9215 0.9248
00 273.255 272.207 0.9210 0.9248
00 273.529 272.387 0.8352 0.8389
00 272.757 271.772 0.9039 0.9076
00 272.992 271.905 0.8982 0.9027
00 273.428 272.331 0.9130 0.9172
00 273.485 272.351 0.8350 0.8388
00 272.917 271.939 0.9064 0.9098
00 273.204 272.030 0.8863 0.8913
00 273.503 272.407 0.9134 0.9175
00 273.698 272.528 0.8369 0.8418
00 273.152 272.177 0.9104 0.9135
00 273.570 272.312 0.8808 0.8863
00 273.660 272.577 0.9166 0.9213
00 274.032 272.791 0.8349 0.8406
00 273.570 272.589 0.9153 0.9190
00 273.897 272.587 0.8803 0.8870
00 273.883 272.786 0.9166 0.9212
00 274.546 273.198 0.8346 0.8404
00 274.463 273.458 0.9218 0.9250
00 274.226 272.883 0.8830 0.8897
00 274.467 273.293 0.9093 0.9142
00 275.047 273.595 0.8324 0.8401
00 274.636 273.662 0.9288 0.9322
00 274.111 272.789 0.8880 0.8946
00 274.973 273.771 0.9074 0.9129
00 274.982 273.544 0.8327 0.8400
00 274.542 273.597 0.9324 0.9356
00 274.215 272.903 0.8931 0.8996
00 275.207 274.010 0.9062 0.9113
00 275.008 273.575 0.8332 0.8407
00 273.712 272.824 0.9337 0.9363
00 274.471 273.378 0.9194 0.9235
00 274.603 273.333 0.8857 0.8912
00 274.760 273.358 0.8783 0.8849
00 273.474 272.350 0.9085 0.9129
00 274.501 273.430 0.9227 0.9266
00 274.945 273.585 0.8719 0.8790
00 275.153 273.690 0.8649 0.8727
00 272.093 271.106 0.9053 0.9087
00 273.043 272.074 0.9247 0.9280
00 273.545 272.358 0.8727 0.8773
00 273.890 272.592 0.8613 0.8679
00 271.460 270.552 0.9076 0.9108
00 271.464 270.590 0.9233 0.9261
00 271.484 270.483 0.8803 0.8837
00 271.762 270.744 0.8526 0.8565
00 271.460 270.564 0.9103 0.9134
00 271.460 270.616 0.9312 0.9338
00 271.460 270.429 0.8898 0.8932
00 271.460 270.500 0.8448 0.8479
00 271.460 270.568 0.9120 0.9150
00 271.460 270.615 0.9318 0.9343
00 271.460 270.452 0.9039 0.9072
00 271.460 270.546 0.8410 0.8440
00 271.774 270.880 0.9170 0.9198
00 271.469 270.628 0.9293 0.9318
00 271.606 270.688 0.9207 0.9239
00 271.882 270.972 0.8365 0.8391
00 272.496 271.556 0.9170 0.9205
00 272.395 271.501 0.9249 0.9275
00 272.564 271.613 0.9264 0.9299
00 273.023 271.998 0.8345 0.8380
00 273.034 272.045 0.9142 0.9177
00 273.040 272.103 0.9227 0.9257
00 273.217 272.175 0.9195 0.9233
00 273.600 272.510 0.8318 0.8358
00 273.084 272.083 0.9113 0.9148
00 273.104 272.158 0.9207 0.9236
00 273.232 272.209 0.9223 0.9260
00 273.651 272.565 0.8299 0.8344
00 273.124 272.119 0.9099 0.9134
00 273.167 272.217 0.9199 0.9228
00 273.238 272.184 0.9191 0.9231
00 273.672 272.599 0.8301 0.8346
00 273.188 272.181 0.9094 0.9129
00 273.272 272.316 0.9225 0.9254
00 273.509 272.413 0.9129 0.9170
00 273.597 272.544 0.8319 0.8359
00 273.353 272.337 0.9089 0.9122
00 273.363 272.359 0.9180 0.9213
00 273.712 272.625 0.9155 0.9201
00 273.622 272.570 0.8329 0.8371
00 273.617 272.587 0.9084 0.9126
00 273.602 272.497 0.9069 0.9114
00 273.910 272.766 0.9093 0.9144
00 273.899 272.802 0.8334 0.8377
00 273.686 272.655 0.9068 0.9109
00 273.727 272.574 0.9046 0.9099
00 273.937 272.732 0.8966 0.9023
00 273.946 272.830 0.8343 0.8387
00 273.806 272.769 0.9051 0.9092
00 273.999 272.823 0.9083 0.9136
00 274.054 272.829 0.8889 0.8946
00 274.124 272.975 0.8365 0.8410
00 274.168 273.118 0.9060 0.9098
00 274.066 272.891 0.9120 0.9172
00 274.312 273.071 0.8835 0.8890
00 274.375 273.150 0.8317 0.8365
00 274.462 273.396 0.9063 0.9099
00 274.222 273.043 0.9141 0.9193
00 274.893 273.604 0.8810 0.8874
00 274.922 273.569 0.8264 0.8331
00 273.653 272.659 0.9067 0.9105
00 274.468 273.361 0.9176 0.9217
00 274.159 272.934 0.8880 0.8935
00 274.641 273.242 0.8746 0.8813
00 273.783 272.742 0.9220 0.9261
00 274.747 273.641 0.9213 0.9260
00 274.481 273.179 0.8787 0.8846
00 275.012 273.571 0.8655 0.8733
00 272.307 271.389 0.9121 0.9146
00 272.998 272.007 0.9222 0.9257
00 272.694 271.568 0.8765 0.8817
00 273.238 272.018 0.8576 0.8629
00 271.460 270.633 0.9082 0.9105
00 271.460 270.577 0.9241 0.9270
00 271.460 270.445 0.8825 0.8857
00 271.463 270.494 0.8452 0.8482
00 271.460 270.656 0.9075 0.9096
00 271.460 270.590 0.9280 0.9308
00 271.460 270.426 0.8910 0.8945
00 271.460 270.541 0.8408 0.8438
00 271.460 270.659 0.9072 0.9093
00 271.460 270.608 0.9330 0.9356
00 271.460 270.483 0.9070 0.9103
00 271.460 270.611 0.8362 0.8388
00 271.556 270.743 0.9092 0.9113
00 271.472 270.611 0.9306 0.9333
00 271.579 270.693 0.9238 0.9267
00 271.728 270.894 0.8326 0.8346
00 272.222 271.346 0.9097 0.9118
00 272.122 271.215 0.9226 0.9252
00 272.516 271.561 0.9234 0.9270
00 272.786 271.809 0.8293 0.8326
00 272.901 271.969 0.9093 0.9123
00 272.686 271.753 0.9181 0.9213
00 272.967 271.945 0.9185 0.9224
00 273.642 272.566 0.8300 0.8343
00 273.041 272.090 0.9071 0.9101
00 273.239 272.284 0.9217 0.9246
00 273.134 272.106 0.9215 0.9253
00 273.776 272.708 0.8309 0.8351
00 272.996 272.050 0.9066 0.9096
00 273.198 272.232 0.9187 0.9218
00 273.311 272.221 0.9140 0.9182
00 273.708 272.662 0.8332 0.8373
00 273.208 272.249 0.9072 0.9101
00 273.339 272.363 0.9200 0.9230
00 273.268 272.196 0.9136 0.9177
00 273.683 272.657 0.8330 0.8369
00 273.452 272.477 0.9081 0.9112
00 273.385 272.417 0.9204 0.9233
00 273.402 272.343 0.9172 0.9211
00 273.636 272.623 0.8319 0.8358
00 273.516 272.530 0.9081 0.9118
00 273.662 272.684 0.9223 0.9259
00 273.718 272.564 0.9054 0.9107
00 273.762 272.705 0.8276 0.8318
00 273.778 272.773 0.9086 0.9124
00 273.826 272.834 0.9241 0.9277
00 274.140 272.944 0.8996 0.9049
00 274.367 273.166 0.8274 0.8320
00 274.544 273.486 0.9095 0.9133
00 274.035 273.021 0.9246 0.9282
00 274.519 273.278 0.8963 0.9016
00 275.166 273.814 0.8300 0.8364
00 274.911 273.844 0.9134 0.9176
00 274.094 273.070 0.9267 0.9304
00 274.441 273.197 0.8914 0.8969
00 275.396 274.038 0.8287 0.8347
00 275.222 274.124 0.9104 0.9145
00 274.437 273.390 0.9279 0.9316
00 274.821 273.579 0.8906 0.8966
00 275.457 274.148 0.8240 0.8294
00 273.126 272.186 0.9086 0.9114
00 273.790 272.702 0.9175 0.9221
00 273.342 272.184 0.8839 0.8886
00 273.568 272.302 0.8886 0.8942
00 273.455 272.472 0.9312 0.9344
00 274.019 272.943 0.9186 0.9229
00 273.407 272.233 0.8869 0.8917
00 274.118 272.763 0.8720 0.8789
00 272.483 271.571 0.9199 0.9230
00 273.086 272.070 0.9158 0.9195
00 272.620 271.496 0.8826 0.8872
00 273.120 271.890 0.8637 0.8694
00 271.464 270.656 0.9108 0.9129
00 271.593 270.680 0.9123 0.9154
00 271.486 270.473 0.8839 0.8874
00 271.575 270.567 0.8520 0.8561
00 271.460 270.686 0.9111 0.9129
00 271.460 270.561 0.9197 0.9228
00 271.460 270.432 0.8862 0.8896
00 271.460 270.519 0.8401 0.8431
00 271.460 270.709 0.9139 0.9154
00 271.460 270.559 0.9200 0.9231
00 271.460 270.433 0.8947 0.8981
00 271.460 270.584 0.8356 0.8386
00 271.460 270.694 0.9061 0.9078
00 271.460 270.577 0.9248 0.9278
00 271.460 270.519 0.9112 0.9145
00 271.460 270.648 0.8334 0.8357
00 271.460 270.676 0.9030 0.9049
00 271.467 270.601 0.9292 0.9319
00 271.505 270.629 0.9239 0.9267
00 271.803 270.968 0.8308 0.8326
00 271.713 270.897 0.9004 0.9024
00 271.670 270.776 0.9249 0.9277
00 272.077 271.135 0.9204 0.9234
00 272.426 271.538 0.8331 0.8357
00 272.933 272.011 0.8990 0.9017
00 272.353 271.413 0.9192 0.9219
00 272.657 271.649 0.9168 0.9208
00 272.991 272.046 0.8343 0.8369
00 273.165 272.215 0.8970 0.8998
00 273.282 272.309 0.9235 0.9266
00 273.388 272.312 0.9161 0.9201
00 273.558 272.529 0.8323 0.8360
00 273.291 272.335 0.8975 0.9001
00 273.168 272.194 0.9180 0.9212
00 273.363 272.258 0.9124 0.9167
00 273.789 272.725 0.8320 0.8362
00 273.334 272.371 0.8969 0.8996
00 273.178 272.189 0.9116 0.9149
00 273.328 272.261 0.9161 0.9201
00 273.853 272.788 0.8321 0.8361
00 273.444 272.467 0.8958 0.8987
00 273.218 272.227 0.9162 0.9195
00 273.397 272.331 0.9167 0.9206
00 273.669 272.618 0.8306 0.8348
00 273.656 272.660 0.8954 0.8992
00 273.620 272.590 0.9142 0.9184
00 273.680 272.561 0.9112 0.9162
00 273.645 272.558 0.8273 0.8317
00 273.962 272.935 0.8952 0.8990
00 274.038 273.013 0.9198 0.9236
00 273.948 272.802 0.9046 0.9096
00 273.742 272.637 0.8267 0.8313
00 274.493 273.413 0.8945 0.8982
00 274.325 273.311 0.9251 0.9285
00 274.112 272.963 0.9011 0.9060
00 274.394 273.207 0.8237 0.8280
00 275.151 274.013 0.8942 0.8988
00 274.301 273.316 0.9297 0.9328
00 274.413 273.228 0.8981 0.9030
00 275.084 273.843 0.8244 0.8297
00 275.650 274.485 0.8969 0.9015
00 274.782 273.780 0.9317 0.9354
00 275.286 274.034 0.8966 0.9022
00 275.453 274.258 0.8310 0.8352
00 271.469 270.677 0.8996 0.9015
00 271.557 270.604 0.9226 0.9262
00 271.481 270.590 0.9337 0.9367
00 271.460 270.513 0.9166 0.9199
00 271.478 270.482 0.8830 0.8864
00 271.461 270.356 0.8762 0.8803
00 271.560 270.703 0.9265 0.9290
00 271.462 270.519 0.9114 0.9147
00 271.478 270.489 0.8870 0.8904
00 271.465 270.398 0.8707 0.8743
00 271.526 270.700 0.9086 0.9108
00 271.460 270.539 0.9092 0.9125
00 271.461 270.452 0.8856 0.8889
00 271.460 270.434 0.8632 0.8663
00 271.461 270.678 0.9081 0.9100
00 271.460 270.541 0.9089 0.9122
00 271.460 270.441 0.8864 0.8897
00 271.460 270.483 0.8480 0.8510
00 271.460 270.697 0.9100 0.9116
00 271.460 270.547 0.9109 0.9142
00 271.460 270.427 0.8892 0.8926
00 271.460 270.551 0.8372 0.8402
00 271.460 270.709 0.9130 0.9146
00 271.460 270.555 0.9154 0.9186
00 271.460 270.452 0.9000 0.9033
00 271.460 270.625 0.8342 0.8367
00 271.460 270.686 0.9061 0.9079
00 271.460 270.561 0.9209 0.9240
00 271.460 270.529 0.9133 0.9166
00 271.460 270.664 0.8306 0.8326
00 271.460 270.665 0.9028 0.9048
00 271.460 270.568 0.9232 0.9263
00 271.460 270.574 0.9240 0.9270
00 271.461 270.696 0.8332 0.8349
00 271.473 270.658 0.9012 0.9034
00 272.008 271.108 0.9256 0.9282
00 271.760 270.822 0.9197 0.9230
00 272.358 271.506 0.8372 0.8392
00 272.774 271.833 0.8988 0.9019
00 273.121 272.166 0.9270 0.9300
00 272.935 271.891 0.9154 0.9195
00 273.671 272.659 0.8380 0.8418
00 273.716 272.687 0.8972 0.9013
00 273.484 272.497 0.9240 0.9274
00 273.370 272.285 0.9146 0.9187
00 273.915 272.857 0.8363 0.8402
00 273.771 272.736 0.8968 0.9008
00 273.635 272.636 0.9227 0.9266
00 273.594 272.483 0.9145 0.9189
00 273.779 272.729 0.8348 0.8388
00 274.022 272.966 0.8971 0.9010
00 273.582 272.593 0.9222 0.9260
00 273.710 272.598 0.9148 0.9197
00 273.675 272.660 0.8340 0.8379
00 273.794 272.760 0.8983 0.9023
00 273.470 272.481 0.9203 0.9235
00 273.856 272.760 0.9181 0.9227
00 273.668 272.687 0.8349 0.8384
00 273.752 272.730 0.9018 0.9057
00 273.362 272.386 0.9204 0.9234
00 273.650 272.539 0.9126 0.9175
00 273.783 272.810 0.8343 0.8375
00 273.902 272.877 0.9041 0.9079
00 273.427 272.467 0.9240 0.9269
00 273.706 272.586 0.9079 0.9129
00 273.767 272.843 0.8376 0.8403
00 273.764 272.747 0.9035 0.9074
00 273.816 272.855 0.9280 0.9313
00 274.065 272.919 0.9092 0.9141
00 273.915 273.024 0.8409 0.8430
00 274.619 273.534 0.9039 0.9084
00 274.918 273.891 0.9266 0.9304
00 274.552 273.379 0.9112 0.9160
00 274.309 273.408 0.8457 0.8472
00 275.027 273.911 0.9033 0.9078
00 275.400 274.342 0.9250 0.9287
00 274.826 273.597 0.9006 0.9065
00 275.337 274.324 0.8480 0.8506
00 275.415 274.276 0.9044 0.9087
00 271.518 270.503 0.8958 0.8996
00 271.771 270.702 0.8936 0.8982
00 271.753 270.629 0.9081 0.9133
00 271.762 270.860 0.9339 0.9369
00 271.460 270.498 0.9147 0.9180
00 271.461 270.439 0.8867 0.8900
00 271.460 270.367 0.8899 0.8940
00 271.502 270.640 0.9250 0.9277
00 271.460 270.519 0.9171 0.9205
00 271.460 270.465 0.8867 0.8899
00 271.460 270.368 0.8749 0.8788
00 271.483 270.645 0.9116 0.9140
00 271.460 270.505 0.9086 0.9120
00 271.460 270.479 0.8888 0.8920
00 271.460 270.420 0.8753 0.8787
00 271.460 270.656 0.9063 0.9084
00 271.460 270.502 0.9051 0.9084
00 271.460 270.468 0.8898 0.8930
00 271.460 270.452 0.8644 0.8675
00 271.460 270.673 0.9062 0.9081
00 271.460 270.506 0.9051 0.9084
00 271.460 270.442 0.8885 0.8918
00 271.460 270.502 0.8480 0.8511
00 271.460 270.696 0.9102 0.9118
00 271.460 270.504 0.9084 0.9117
00 271.460 270.437 0.8926 0.8959
00 271.460 270.579 0.8362 0.8392
00 271.460 270.699 0.9121 0.9137
00 271.460 270.507 0.9080 0.9113
00 271.460 270.464 0.9028 0.9061
00 271.460 270.648 0.8317 0.8339
00 271.460 270.680 0.9092 0.9110
00 271.460 270.518 0.9089 0.9122
00 271.460 270.525 0.9148 0.9182
00 271.460 270.699 0.8327 0.8344
00 271.460 270.661 0.9103 0.9123
00 271.460 270.541 0.9141 0.9175
00 271.460 270.563 0.9240 0.9271
00 271.462 270.752 0.8389 0.8401
00 271.468 270.640 0.9070 0.9094
00 271.843 270.913 0.9143 0.9174
00 271.985 271.033 0.9215 0.9247
00 272.468 271.648 0.8445 0.8468
00 272.725 271.771 0.9023 0.9056
00 273.030 272.050 0.9178 0.9212
00 273.272 272.222 0.9199 0.9238
00 273.822 272.836 0.8447 0.8480
00 273.962 272.866 0.8948 0.8993
00 273.829 272.835 0.9234 0.9270
00 273.791 272.698 0.9178 0.9225
00 274.077 273.062 0.8439 0.8471
00 274.191 273.069 0.8952 0.8997
00 273.796 272.823 0.9249 0.9283
00 273.979 272.870 0.9173 0.9220
00 274.034 273.024 0.8431 0.8463
00 274.259 273.132 0.8972 0.9016
00 273.877 272.904 0.9247 0.9281
00 273.950 272.852 0.9194 0.9240
00 274.124 273.125 0.8436 0.8465
00 274.561 273.431 0.9005 0.9047
00 273.856 272.878 0.9237 0.9271
00 273.962 272.869 0.9209 0.9254
00 274.097 273.142 0.8431 0.8455
00 274.441 273.332 0.9005 0.9045
00 273.856 272.884 0.9238 0.9272
00 273.840 272.725 0.9151 0.9200
00 273.946 273.055 0.8424 0.8444
00 274.221 273.143 0.8989 0.9029
00 273.875 272.912 0.9247 0.9279
00 273.890 272.789 0.9145 0.9192
00 274.353 273.423 0.8381 0.8399
00 274.358 273.270 0.8968 0.9007
00 274.619 273.594 0.9221 0.9261
00 274.597 273.475 0.9212 0.9256
00 274.247 273.318 0.8294 0.8312
00 274.603 273.483 0.8937 0.8980
00 274.869 273.819 0.9207 0.9247
00 274.925 273.777 0.9215 0.9266
00 274.550 273.528 0.8190 0.8224
00 275.045 273.887 0.8932 0.8980
00 275.156 274.085 0.9188 0.9228
00 275.354 274.186 0.9225 0.9274
00 274.849 273.734 0.8084 0.8128
00 275.475 274.275 0.8918 0.8966
00 271.460 270.475 0.8964 0.8997
00 271.476 270.456 0.8919 0.8953
00 271.626 270.499 0.8842 0.8890
00 272.738 271.803 0.9169 0.9201
00 271.460 270.473 0.9015 0.9048
00 271.460 270.484 0.8958 0.8991
00 271.468 270.392 0.8800 0.8838
00 272.243 271.365 0.9114 0.9134
00 271.460 270.473 0.9019 0.9052
00 271.460 270.465 0.8903 0.8935
00 271.460 270.437 0.8788 0.8820
00 271.460 270.658 0.9144 0.9164
00 271.460 270.481 0.9049 0.9082
00 271.461 270.473 0.8906 0.8938
00 271.461 270.462 0.8661 0.8692
00 271.461 270.668 0.9126 0.9146
00 271.460 270.481 0.9074 0.9107
00 271.460 270.460 0.8910 0.8942
00 271.460 270.508 0.8497 0.8528
00 271.461 270.665 0.9056 0.9076
00 271.460 270.474 0.9064 0.9097
00 271.460 270.443 0.8933 0.8966
00 271.460 270.600 0.8356 0.8384
00 271.460 270.677 0.9083 0.9102
00 271.460 270.464 0.9013 0.9046
00 271.460 270.460 0.9014 0.9047
00 271.460 270.671 0.8313 0.8333
00 271.460 270.671 0.9087 0.9106
00 271.460 270.458 0.8963 0.8995
00 271.460 270.506 0.9111 0.9144
00 271.460 270.731 0.8340 0.8354
00 271.460 270.656 0.9089 0.9110
00 271.469 270.477 0.8970 0.9004
00 271.465 270.545 0.9201 0.9234
00 271.474 270.814 0.8438 0.8443
00 271.478 270.653 0.9074 0.9097
00 272.454 271.379 0.8966 0.9005
00 272.328 271.366 0.9237 0.9267
00 272.564 271.792 0.8490 0.8505
00 272.452 271.514 0.9041 0.9072
00 273.158 272.041 0.8984 0.9030
00 273.309 272.275 0.9232 0.9269
00 273.689 272.769 0.8489 0.8518
00 273.889 272.786 0.8980 0.9026
00 273.619 272.487 0.9009 0.9055
00 273.564 272.519 0.9237 0.9279
00 273.990 273.029 0.8477 0.8505
00 274.333 273.171 0.8940 0.8987
00 274.327 273.141 0.9003 0.9053
00 274.154 273.069 0.9229 0.9272
00 274.311 273.312 0.8486 0.8512
00 274.644 273.455 0.8928 0.8975
00 274.127 272.979 0.9016 0.9064
00 274.093 273.034 0.9266 0.9306
00 274.334 273.361 0.8496 0.8519
00 274.452 273.325 0.8981 0.9023
00 273.999 272.864 0.9014 0.9063
00 274.119 273.080 0.9310 0.9349
00 274.277 273.335 0.8454 0.8474
00 274.118 273.054 0.9019 0.9058
00 274.473 273.289 0.8998 0.9046
00 274.518 273.448 0.9299 0.9338
00 274.396 273.446 0.8363 0.8384
00 274.695 273.588 0.9024 0.9072
00 274.901 273.671 0.8987 0.9045
00 274.722 273.641 0.9294 0.9339
00 274.787 273.742 0.8246 0.8284
00 274.916 273.780 0.9012 0.9061
00 275.204 273.941 0.8980 0.9038
00 274.884 273.807 0.9296 0.9340
00 275.168 274.010 0.8142 0.8185
00 275.009 273.851 0.8979 0.9028
00 275.468 274.177 0.8971 0.9029
00 275.198 274.114 0.9299 0.9341
00 275.137 273.962 0.8067 0.8112
00 275.227 274.050 0.8958 0.9007
00 275.418 274.130 0.8966 0.9024
00 275.634 274.533 0.9300 0.9347
00 275.183 273.995 0.8041 0.8086
00 275.506 274.303 0.8924 0.8972
00 272.792 271.713 0.8959 0.9004
00 272.965 271.882 0.9108 0.9153
00 272.830 271.608 0.9030 0.9091
00 273.292 272.323 0.9315 0.9346
00 272.190 271.171 0.8938 0.8973
00 273.373 272.278 0.9086 0.9128
00 272.977 271.732 0.8871 0.8932
00 274.016 273.000 0.9179 0.9215
00 272.331 271.266 0.8929 0.8967
00 273.454 272.361 0.9077 0.9117
00 273.220 272.005 0.8875 0.8930
00 274.472 273.456 0.9170 0.9202
00 273.585 272.392 0.8939 0.8987
00 273.567 272.423 0.9015 0.9059
00 273.354 272.148 0.8829 0.8881
00 273.993 273.010 0.9208 0.9241
00 271.935 270.884 0.8973 0.9015
00 272.852 271.723 0.8934 0.8984
00 272.464 271.367 0.8711 0.8750
00 273.565 272.549 0.9015 0.9056
00 271.461 270.451 0.9027 0.9060
00 271.673 270.654 0.8911 0.8952
00 271.812 270.828 0.8557 0.8592
00 272.404 271.467 0.8944 0.8970
00 271.460 270.462 0.9072 0.9105
00 271.460 270.453 0.8920 0.8953
00 271.460 270.610 0.8367 0.8394
00 271.463 270.650 0.8988 0.9009
00 271.460 270.460 0.9047 0.9080
00 271.460 270.449 0.8966 0.8998
00 271.460 270.680 0.8284 0.8303
00 271.460 270.651 0.8991 0.9013
00 271.460 270.456 0.8999 0.9031
00 271.460 270.467 0.9040 0.9073
00 271.460 270.749 0.8306 0.8317
00 271.460 270.639 0.8979 0.9001
00 271.460 270.457 0.8980 0.9013
00 271.461 270.487 0.9088 0.9122
00 271.461 270.824 0.8406 0.8409
00 271.468 270.660 0.9057 0.9078
00 272.124 271.055 0.8961 0.9003
00 272.220 271.220 0.9147 0.9182
00 272.145 271.455 0.8481 0.8481
00 272.381 271.473 0.9072 0.9097
00 273.036 271.877 0.8949 0.9000
00 273.251 272.212 0.9204 0.9242
00 273.559 272.698 0.8503 0.8527
00 273.799 272.719 0.9009 0.9054
00 273.410 272.208 0.8941 0.8993
00 273.610 272.567 0.9242 0.9285
00 274.126 273.196 0.8487 0.8509
00 274.445 273.249 0.8921 0.8970
00 273.949 272.687 0.8939 0.9002
00 273.887 272.816 0.9237 0.9281
00 274.300 273.356 0.8488 0.8509
00 274.422 273.207 0.8864 0.8915
00 274.043 272.777 0.8932 0.8994
00 274.169 273.113 0.9279 0.9319
00 274.446 273.493 0.8493 0.8519
00 274.520 273.341 0.8926 0.8973
00 274.106 272.838 0.8925 0.8986
00 274.215 273.146 0.9261 0.9302
00 274.318 273.381 0.8464 0.8483
00 274.287 273.172 0.8992 0.9035
00 274.640 273.341 0.8940 0.8998
00 274.637 273.543 0.9261 0.9308
00 274.781 273.761 0.8392 0.8428
00 274.587 273.461 0.9022 0.9064
00 275.398 274.032 0.8943 0.9010
00 274.833 273.747 0.9276 0.9321
00 274.808 273.748 0.8286 0.8326
00 274.980 273.826 0.9045 0.9094
00 275.470 274.091 0.8932 0.8999
00 274.903 273.827 0.9275 0.9318
00 275.033 273.917 0.8204 0.8245
00 274.895 273.742 0.9038 0.9089
00 275.513 274.133 0.8923 0.8990
00 275.262 274.177 0.9284 0.9325
00 275.180 274.039 0.8125 0.8165
00 275.235 274.045 0.9019 0.9070
00 275.648 274.255 0.8905 0.8971
00 275.548 274.451 0.9290 0.9330
00 275.944 274.674 0.8003 0.8060
00 275.631 274.392 0.8989 0.9040
00 273.168 272.040 0.8932 0.8978
00 273.459 272.422 0.9261 0.9297
00 273.338 272.096 0.9044 0.9101
00 273.875 272.878 0.9306 0.9342
00 273.057 271.919 0.8913 0.8962
00 274.071 272.960 0.9158 0.9204
00 273.291 272.044 0.8821 0.8878
00 274.679 273.489 0.8976 0.9026
00 271.460 270.434 0.8946 0.8980
00 271.460 270.439 0.8914 0.8947
00 271.463 270.616 0.8527 0.8553
00 271.613 270.768 0.8914 0.8937
00 271.460 270.433 0.8944 0.8978
00 271.460 270.450 0.8911 0.8944
00 271.460 270.663 0.8231 0.8252
00 271.461 270.629 0.8909 0.8933
00 271.460 270.437 0.8928 0.8961
00 271.460 270.468 0.8986 0.9018
00 271.460 270.765 0.8243 0.8253
00 271.460 270.626 0.8911 0.8935
00 271.460 270.433 0.8909 0.8942
00 271.460 270.472 0.9024 0.9057
00 271.462 270.836 0.8334 0.8336
00 271.473 270.666 0.9034 0.9055
00 271.884 270.807 0.8872 0.8917
00 272.277 271.231 0.9064 0.9102
00 272.683 271.920 0.8423 0.8435
00 273.551 272.580 0.9108 0.9144
00 272.880 271.694 0.8825 0.8881
00 273.304 272.202 0.9103 0.9146
00 273.354 272.536 0.8484 0.8503
00 274.008 272.940 0.9050 0.9091
00 272.993 271.798 0.8810 0.8865
00 273.765 272.672 0.9178 0.9225
00 273.886 273.024 0.8477 0.8495
00 274.446 273.279 0.8973 0.9020
00 273.666 272.402 0.8822 0.8876
00 274.120 273.019 0.9207 0.9251
00 274.329 273.417 0.8448 0.8464
00 274.417 273.188 0.8875 0.8927
00 274.008 272.708 0.8819 0.8884
00 274.740 273.636 0.9260 0.9308
00 274.815 273.848 0.8446 0.8476
00 274.765 273.518 0.8871 0.8928
00 273.989 272.690 0.8818 0.8883
00 274.968 273.836 0.9236 0.9284
00 274.822 273.854 0.8429 0.8459
00 274.727 273.525 0.8914 0.8969
00 274.873 273.496 0.8826 0.8893
00 274.762 273.609 0.9159 0.9211
00 274.492 273.569 0.8403 0.8433
00 274.669 273.481 0.8938 0.8987
00 275.055 273.669 0.8830 0.8902
00 274.638 273.501 0.9168 0.9215
00 274.424 273.510 0.8335 0.8358
00 274.508 273.335 0.8959 0.9005
00 275.507 274.096 0.8845 0.8914
00 274.999 273.873 0.9211 0.9259
00 275.007 274.024 0.8313 0.8341
00 274.673 273.492 0.8991 0.9041
00 275.380 274.013 0.8879 0.8946
00 275.350 274.207 0.9221 0.9267
00 275.217 274.224 0.8312 0.8337
00 275.044 273.826 0.9001 0.9057
00 275.524 274.168 0.8900 0.8963
00 275.625 274.379 0.9099 0.9152
00 275.447 274.428 0.8262 0.8286
00 275.532 274.273 0.9018 0.9072
00 271.460 270.459 0.8855 0.8887
00 271.460 270.445 0.8962 0.8995
00 271.460 270.647 0.8297 0.8320
00 271.460 270.577 0.8770 0.8800
00 271.460 270.439 0.8810 0.8842
00 271.460 270.439 0.8902 0.8935
00 271.460 270.749 0.8265 0.8276
00 271.460 270.589 0.8804 0.8832
00 271.460 270.421 0.8787 0.8821
00 271.460 270.456 0.8957 0.8990
00 271.460 270.840 0.8267 0.8269
00 271.460 270.603 0.8946 0.8973
00 272.191 271.053 0.8807 0.8855
00 272.632 271.549 0.9011 0.9059
00 272.605 271.843 0.8339 0.8352
00 272.535 271.628 0.9116 0.9146
00 273.171 271.918 0.8817 0.8876
00 273.997 272.827 0.9055 0.9107
00 273.842 272.935 0.8423 0.8447
00 274.283 273.214 0.9092 0.9131
00 272.875 271.654 0.8843 0.8903
00 274.253 273.081 0.9081 0.9132
00 274.277 273.361 0.8496 0.8514
00 274.682 273.527 0.8998 0.9048
00 272.899 271.693 0.8891 0.8949
00 274.374 273.198 0.9089 0.9138
00 274.532 273.619 0.8491 0.8520
00 274.637 273.417 0.8910 0.8959
00 273.259 272.032 0.8898 0.8954
00 274.123 272.985 0.9146 0.9194
00 274.857 273.916 0.8437 0.8464
00 274.852 273.594 0.8888 0.8950
00 273.468 272.235 0.8908 0.8962
00 274.608 273.439 0.9136 0.9183
00 274.901 273.964 0.8402 0.8427
00 274.772 273.534 0.8896 0.8955
00 275.139 273.780 0.8934 0.9003
00 274.840 273.707 0.9207 0.9257
00 274.814 273.895 0.8390 0.8415
00 274.578 273.367 0.8928 0.8977
00 275.630 274.233 0.8932 0.8999
00 274.885 273.817 0.9284 0.9326
00 274.767 273.857 0.8386 0.8411
00 274.808 273.606 0.9006 0.9063
00 275.718 274.316 0.8916 0.8983
00 274.938 273.846 0.9247 0.9291
00 275.086 274.134 0.8372 0.8395
00 275.050 273.826 0.9021 0.9077
00 275.675 274.275 0.8881 0.8947
00 274.989 273.837 0.9149 0.9199
00 275.084 274.142 0.8333 0.8355
00 275.079 273.863 0.9040 0.9096
00 275.505 274.124 0.8833 0.8898
00 275.236 274.057 0.9099 0.9148
00 275.406 274.418 0.8296 0.8317
00 275.412 274.211 0.9104 0.9154
00 275.412 274.211 0.9104 0.9154
